0	0.01
0.01	0.013
0.01	0.013
0.023	0.02145
0.023	0.02145
0.04445	0.04173
0.04445	0.04173
0.08618	0.0808957
0.08618	0.0808957
0.167076	0.156832
0.167076	0.156832
0.323907	0.304047
0.323907	0.304047
0.627955	0.589452
0.627955	0.589452
1.21741	1.14276
1.21741	1.14276
2.36017	2.21546
2.36017	2.21546
2.60691	3.01541
2.60691	3.01541
2.68691	3.34759
2.68691	3.34759
2.68691	3.34759
2.68691	3.34759
2.68691	3.34759
5.06539	3.27433
5.06539	3.27433
5.14539	3.1896
5.14539	3.1896
5.14539	3.1896
5.14539	3.1896
5.14539	3.1896
8.33499	3.67045
8.33499	3.67045
9.06624	4.50278
9.06624	4.50278
9.14624	5.00052
9.14624	5.00052
9.14624	5.00052
9.14624	5.00052
9.14624	5.00052
14.1468	5.82582
14.1468	5.82582
19.9726	10.1187
19.9726	10.1187
