2.232
2.23199901907101
2.23199803806471
2.2319970569965
2.23198957259521
2.23198208419202
2.23197459219711
2.23196709675256
2.23195315074159
2.23193919294788
2.23192522350243
2.2319112425167
2.23190616640191
2.23190108885603
2.23189600984567
2.23189092935687
2.23188584739606
2.23185905550571
2.23183222494698
2.23181182514678
2.23179140535438
2.23177096680416
2.23176448770426
2.23175800690456
2.23175152445248
2.23174504039627
2.23173855478602
2.23171705961742
2.23169554997956
2.23167402802427
2.2316695612738
2.23166509411579
2.23166062657172
2.2316561586631
2.23165169041221
2.23162201696125
2.23159233654007
2.23157445489779
2.23155657521678
2.23153869933499
2.2315269069196
2.23151511754509
2.23150333178676
2.23149155023179
2.23147940861077
2.23146727276528
2.23145514337887
2.23144302114796
2.23143199883135
2.23142098356704
2.23140997590559
2.23139897640525
2.23138798563173
2.23138471950077
2.2313814542072
2.23137818976622
2.23137492619307
2.23137166350308
2.23133761530692
2.2313036832834
2.23129073323309
2.23127780392976
2.23126489643486
2.23125201181117
2.23124412202909
2.23123624149896
2.23122837047022
2.23122050919274
2.23121265791689
2.23119783209122
2.23118304466858
2.23116829735566
2.23115359186214
2.23115191463131
2.23115023797128
2.23114856188452
2.23114688637351
2.2311452114408
2.23112849448361
2.23111183815547
2.23110642122346
2.23110101109314
2.23109560785199
2.23109021158708
2.23108482238535
2.23106140325501
2.23103812727878
2.23101691136111
2.23099582714092
2.23097299479406
2.23095033191089
2.23092970094062
2.23090922281286
2.23088707473471
2.23086511978385
2.23084515815893
2.23082536782018
2.23080398976131
2.23078282477142
2.23076360424131
2.23074456992204
2.23072403206817
2.23070372263965
2.23068529918155
2.23066707271892
2.23064742673749
2.23062801935079
2.23061043094041
2.2305930457851
2.23057432292746
2.2305558433376
2.2305391087367
2.23052257899057
2.23050478932747
2.23048724209471
2.23047136067701
2.23045568116003
2.23043881392313
2.23042218302641
2.23040713557108
2.23039228282697
2.23037630773605
2.2303605581284
2.23034630843511
2.23033224251521
2.23031711190166
2.23030219180439
2.23028868893392
2.23027535575519
2.23026100725194
2.23024685095267
2.23023403187421
2.23022136593133
2.23020772548942
2.23019425640582
2.23018204883557
2.23016997605566
2.23015696106271
2.23014409485447
2.23013242009365
2.23012086064954
2.2301083829592
2.2300960305082
2.23008480612514
2.23007367706183
2.23006164578728
2.23004971591127
2.23003885815503
2.23002807572722
2.23001639969902
2.2300048015112
2.22999422738668
2.22998370904683
2.22997229887983
2.22996094374949
2.22995057272178
2.22994023873454
2.22992900848609
2.22991781159121
2.22990756691772
2.22989734160557
2.22988621003667
2.22987509152618
2.22986490123779
2.22985471388307
2.22984360535456
2.22983249115619
2.22982228872332
2.22981207416535
2.2298009192133
2.22978974153355
2.22977946626129
2.22976916523358
2.22975790087419
2.22974659844106
2.22973619564009
2.22972575489451
2.22971432470921
2.22970284280803
2.22969226378696
2.22968163604972
2.22966999009856
2.2296582804479
2.2296474823689
2.2296366261692
2.22962472077554
2.22961274128477
2.22960168691935
2.22959056632607
2.22957836376979
2.22956607821369
2.22955473562969
2.22954331992591
2.22953078807592
2.22951816571568
2.22950650792092
2.22949477124032
2.22948188315123
2.22946889832515
2.22945690288777
2.22944482383195
2.22943155732416
2.22941818902602
2.22940583768713
2.22939339893812
2.22937973617606
2.22936596763476
2.22935324592461
2.22934043386333
2.22932636094241
2.22931217921252
2.23032635056149
2.2303231016753
2.23031949323106
2.23031581664667
2.23031238726918
2.23030889996768
2.23030502959286
2.23030109081307
2.23029742111932
2.23029369368671
2.23028956184521
2.23028536200999
2.23028145338723
2.23027748750699
2.2302730963604
2.23026863794433
2.23026449291126
2.23026029134457
2.23025564417444
2.23025093071963
2.23024655273047
2.23024211913251
2.23023722014768
2.23023225607763
2.2302276493568
2.23022298811656
2.23021784228434
2.23021263274082
2.23020780213823
2.2302029182384
2.23019753113701
2.23019208183762
2.23018703270242
2.23018193159714
2.23017630928716
2.23017062640133
2.23016536447203
2.23016005198071
2.23015420089347
2.23014829093485
2.23014282224407
2.23013730445926
2.23013123130014
2.23012510103348
2.23011943182554
2.23011371503344
2.23010742669836
2.23010108305916
2.23009521971906
2.23008931033096
2.23008281383459
2.23007626386004
2.23007021285244
2.23006411734587
2.23005741976001
2.23005067052985
2.23004443834683
2.23003816321534
2.23003127161635
2.23002433020243
2.23001796097794
2.23001160232165
2.2300046824412
2.22999777624967
2.22999145359755
2.22998514071464
2.22997826703132
2.22997140294557
2.22996511543338
2.22995883427919
2.2299519912687
2.22994515395191
2.22993888772833
2.22993262467239
2.22992579773593
2.22991897285247
2.22991271499514
2.22990645733728
2.22989963288924
2.2298928071149
2.22988654562697
2.2298802815899
2.22987344704688
2.22986660805545
2.22986033185111
2.22985405056409
2.22984719432507
2.22984033076644
2.22983402964922
2.22982772112478
2.22982083254408
2.22981393401554
2.22980759865071
2.22980125375588
2.22979432311045
2.2297873801228
2.22978100200522
2.22977461242843
2.22976763088088
2.22976063482045
2.22975420623903
2.22974776445397
2.22974072401234
2.2297336671002
2.22972718109999
2.22972068032715
2.2297135738027
2.22970644905189
2.22969989939458
2.22969333356154
2.22968615452506
2.22967895569683
2.2296723368204
2.22966570052138
2.22965844325907
2.22965116481863
2.22964447179678
2.22963776025209
2.22963041972139
2.22962305679381
2.2296162852957
2.22960949431152
2.22960206609747
2.22959461442424
2.22958776067476
2.22958088660369
2.22957336687614
2.2295658227727
2.22955888351379
2.22955192321642
2.22954430868849
2.22953666900296
2.22952964145614
2.22952259226385
2.22951488015177
2.22950716621495
2.22950009294355
2.22949302064869
2.22948530906762
2.22947759764836
2.22947052523584
2.22946345187867
2.22945573686579
2.22944801973385
2.22944094020033
2.22943385787538
2.22942613099102
2.22941839989942
2.22941130584341
2.22940420730893
2.22939646084032
2.22938870825912
2.22938159292681
2.22937447157849
2.22936669849595
2.22935891756639
2.22935177480943
2.22934462463851
2.2293368185502
2.22932900303979
2.22932182727455
2.2293146428274
2.22930679793567
2.22929894219505
2.22929172836339
2.22928450470273
2.22927661576233
2.22926871468397
2.22926145821582
2.22925419088369
2.22924625316198
2.22923830214087
2.22923099891863
2.22922368390127
2.22921569314039
2.22920768803682
2.22920033436166
2.22919296805629
2.22918492043748
2.22917685754184
2.2291694501019
2.22916202928532
2.22915392139526
2.22914579739498
2.22913833323547
2.22913085503466
2.22912268383391
2.22911449578235
2.2291069722775
2.229099434142
2.2290911969354
2.22908294222282
2.22907535704966
2.22906775672575
2.22905945113477
2.22905112746115
2.22904347857504
2.22903581408168
2.22902743801866
2.22901904713644
2.22901134600458
2.2290036393268
2.22899522841372
2.22898680973699
2.2289790818626
2.22897134607849
2.22896290055287
2.2289544443595
2.22894667969268
2.22893890477626
2.22893041395087
2.22892190982762
2.22891409905105
2.22890627591481
2.2288977301457
2.2288891687129
2.22888130344479
2.22887342392389
2.22886481455777
2.228856187411
2.22884826015076
2.22884031694846
2.22883163626325
2.22882293591383
2.22881493998758
2.22880692662089
2.22879816776654
2.22878938758266
2.22878131708938
2.22877322783544
2.22876438477584
2.22875551892469
2.22874736868351
2.22873919852717
2.22873026598342
2.22872130937492
2.2287130748739
2.22870481945694
2.22869579285239
2.2286867410848
2.22867841843148
2.22867007400359
2.22866094941105
2.22865179871866
2.22864338459266
2.22863494796451
2.22862572205566
2.22861646925887
2.22860796086654
2.22859942936505
2.22859009936228
2.22858074182004
2.2285721368515
2.22856350827734
2.22855407190807
2.22854460747289
2.22853590406127
2.2285271766487
2.22851763210224
2.22850805907769
2.22849925576075
2.22849042813976
2.22848077402671
2.22847109112748
2.22846218681151
2.22845325797232
2.22844349328646
2.22843369960086
2.22842469352691
2.22841566278665
2.2284057868693
2.22839588182429
2.22838677353653
2.22837764050825
2.228367653015
2.22835763634351
2.22834842565985
2.22833919022353
2.22832909109331
2.22831896280389
2.22830964978863
2.22830031206435
2.22829010149069
2.22827986183932
2.22827044677778
2.22826098545168
2.22825061269345
2.22824018325076
2.22823057221744
2.22822091538428
2.22821033408903
2.22819970129863
2.22818990805425
2.22818007325331
2.22816930267692
2.22815848537
2.22814852676705
2.2281385304292
2.22812758801215
2.22811660315536
2.22810649436899
2.22809635129069
2.22808525274154
2.22807411561968
2.22806387032346
2.22805359383937
2.22804235331732
2.22803107771005
2.22802070823324
2.22801031036887
2.22799894064502
2.22798753898309
2.22797705644971
2.2279665480565
2.22795506065675
2.22794354416044
2.22793295861267
2.22792234948789
2.22791075481976
2.22789913362187
2.22788845412969
2.22787775312308
2.22786606058861
2.22785434384399
2.22784357860292
2.22783279371177
2.22782101180819
2.22780920779152
2.22779836420986
2.22778750266388
2.2277756390736
2.22776375526675
2.22775284004359
2.22774190838091
2.22772997005204
2.22771801322229
2.22770703241742
2.22769603655266
2.2276840297712
2.22767200604145
2.22766096513803
2.22764991069514
2.2276378426631
2.22762576029134
2.22761466758699
2.22760356289941
2.22759144073711
2.22757930473686
2.22756816323856
2.22755701014535
2.22754483565057
2.22753264776167
2.22752145903738
2.22751025908205
2.22749803391071
2.2274857957621
2.22747456128379
2.22746331591648
2.22745104162509
2.22743875474859
2.22742747590101
2.22741618648655
2.22740386454065
2.22739153037923
2.22738020846742
2.22736887629256
2.22735650807455
2.22734412798998
2.22733276424604
2.22732139052622
2.2273089773425
2.2272965526223
2.22728514821172
2.22727373409718
2.22726127718468
2.22724880904856
2.22723736507596
2.2272259116574
2.22721341218963
2.22720090179537
2.22718941930978
2.22717792762353
2.22716538671611
2.22715283516494
2.22714131516468
2.22712978619747
2.22711720491315
2.22710461325474
2.22709305669186
2.22708149138514
2.2270688707385
2.22705623997547
2.22704464775982
2.22703304701378
2.22702038797545
2.22700771906755
2.2269960920705
2.22698445674774
2.22697176024833
2.22695905411623
2.22851544356836
2.22851101454948
2.22850617750312
2.22850133232728
2.22849688190808
2.22849242461512
2.22848755654171
2.22848268045496
2.22847820182305
2.22847371646021
2.2284688179473
2.22846391158779
2.22845940533038
2.22845489247994
2.22844996415566
2.22844502814452
2.2284404948255
2.22843595504566
2.22843099751224
2.22842603244524
2.2284214726057
2.22841690643235
2.22841192026817
2.22840692671781
2.22840234087793
2.22839774882645
2.22839273458807
2.22838771310544
2.22838310176619
2.22837848433314
2.228373442557
2.22836839367356
2.22836375731823
2.22835911498286
2.22835404618695
2.2283489589858
2.22834427705353
2.22833957876458
2.22833443761371
2.22832927825354
2.22832453178828
2.228319770825
2.22831456345145
2.2283093399935
2.22830453646039
2.22829972012451
2.22829445426439
2.22828917421328
2.22828432030717
2.2282794551084
2.22827413765338
2.22826880769435
2.22826390937957
2.22825900111786
2.22825363820882
2.22824826429936
2.22824332689152
2.22823838073639
2.22823297784721
2.22822756529824
2.2282225935364
2.22821761409707
2.22821217610873
2.22820672965629
2.22820172776688
2.22819671915425
2.22819125042037
2.22818577428911
2.22818074604245
2.22817571192405
2.22817021632894
2.22816471428836
2.22815966304881
2.22815460669743
2.22814908770756
2.22814356312188
2.22813849189223
2.22813341622913
2.2281278769388
2.22812233281123
2.22811724427219
2.2281121519054
2.22810659507727
2.22810103408929
2.22809593063451
2.22809082389288
2.22808525199404
2.22807967654031
2.2280745603075
2.228069441271
2.22806385650492
2.22805826872438
2.22805314162303
2.22804801214962
2.22804241648469
2.22803681828812
2.22803168202414
2.22802654377375
2.22802093896861
2.22801533206328
2.2280101881609
2.22800504261673
2.22799943024286
2.22799381615436
2.22798866597568
2.22798351446322
2.22797789592503
2.22797227601681
2.2279671207792
2.2279619644831
2.22795634103583
2.22795071652658
2.22794555731816
2.22794039729738
2.22793477006308
2.22792914204219
2.2279239798357
2.22791881703686
2.22791318701863
2.22790755646003
2.22790239212509
2.22789722739454
2.22789159548921
2.22788596326368
2.22788079757784
2.22787563167231
2.22786999868177
2.22786436556791
2.22785919922643
2.22785403282259
2.2278483994639
2.22784276615795
2.22783759978256
2.22783243348551
2.2278268003999
2.22782116752452
2.22781600167123
2.22781083602211
2.22780520378307
2.22779957189509
2.22779440697585
2.22778923857418
2.22778359849757
2.22777795371723
2.22777277290313
2.22776758822562
2.22776193065381
2.22775626872144
2.22775107246653
2.22774587263742
2.22774019886978
2.22773452106735
2.2277293105215
2.22772409666325
2.2277184078928
2.22771271538226
2.22770749158604
2.22770226471441
2.22769656202104
2.22769085585451
2.22768561975042
2.22768038078573
2.2276746651482
2.22766894627962
2.2276636987225
2.22765844849978
2.22765272080645
2.22764699010202
2.22764173186838
2.2276364711464
2.22763073220489
2.2276249904524
2.22761972224873
2.22761445171817
2.22760870226392
2.22760295018109
2.22759767265135
2.22759239294202
2.22758663364601
2.227580871888
2.22757558562029
2.22757029730765
2.22756452878326
2.22755875794933
2.22755346348183
2.22754804572196
2.22754198017696
2.22753575228607
2.22752990990648
2.22752393834318
2.22751728475246
2.22751048762773
2.22750413865883
2.22749767583046
2.22749050357657
2.22748320478631
2.2289239583557
2.22892132118797
2.22891836999299
2.22891534176133
2.22891250242922
2.22890960185811
2.22890637161666
2.22890307329717
2.22889999355376
2.22889685978484
2.22889338327639
2.22888984669869
2.22888655486891
2.22888321536293
2.22887952157004
2.22887577475929
2.22887229577552
2.22886877470981
2.22886488915833
2.22886095680575
2.22885731264201
2.2288536313316
2.22884957653251
2.22884548041989
2.22884169046688
2.22883786772606
2.22883366355488
2.22882942291923
2.22882550430693
2.22882155676045
2.22881722078402
2.22881285263204
2.22880882050808
2.22880476285993
2.22880031061892
2.22879582999905
2.22879169776972
2.22878754303601
2.22878298828988
2.22877840852829
2.22877418806786
2.22876994777918
2.22876530271911
2.22876063562515
2.22875633745804
2.22875202183573
2.2287472972703
2.22874255331557
2.22873818677542
2.22873380488548
2.22872901040284
2.22872419887781
2.22871977224654
2.22871533213435
2.22871047624425
2.22870560539539
2.22870112602514
2.22869663483351
2.22869172509183
2.22868680224202
2.22868227666208
2.22867774073502
2.22867278385321
2.2286678155075
2.22866324951849
2.22865867449238
2.22865367643374
2.22864866837249
2.22864406712917
2.22863945801316
2.22863442407773
2.22862938143866
2.22862474952301
2.22862011076986
2.22861504566923
2.22860997301991
2.22860531450561
2.2286006500743
2.22859555799774
2.22859045939952
2.22858577790895
2.22858109131995
2.22857597599286
2.22857085505751
2.2285661538121
2.22856144819633
2.22855631293193
2.22855117287168
2.22854645473659
2.22854173287872
2.22853658062386
2.22853142429576
2.22852669181937
2.2285219561962
2.22851678957194
2.22851161951716
2.22850687496611
2.22850212778059
2.22849694911817
2.22849176759691
2.22848701298714
2.22848225619857
2.22847706757137
2.22847187659372
2.22846711371811
2.22846234906892
2.22845715232073
2.22845195367419
2.22844718412701
2.22844241316654
2.22843720993679
2.22843200521062
2.22842723040927
2.22842245451493
2.22841724626101
2.22841203686794
2.2284072580723
2.22840247846833
2.22839726648548
2.22839205368095
2.22838727201054
2.2283824897847
2.22837727522368
2.22837206012297
2.22836727657223
2.22836249269067
2.22835727657344
2.22835206016691
2.2283472756188
2.22834249093925
2.22833727417299
2.22833205733963
2.2283272725777
2.22832248786122
2.22831727125074
2.22831205477022
2.22830727048939
2.22830248641082
2.22829727066965
2.22829205523305
2.22828727204918
2.22828248920647
2.22827727496667
2.22827206118605
2.22826727964445
2.22826249856695
2.22825728638791
2.22825207480483
2.22824729479065
2.22824251435337
2.22823730183533
2.22823208888715
2.22822730740919
2.22822252573025
2.22821731218485
2.2282120985491
2.22820731671556
2.22820253495476
2.22819732162469
2.22819210851122
2.22818732740393
2.22818254661516
2.22817733461835
2.22817212311378
2.2281673437041
2.22816256483365
2.22815735517386
2.22815214625382
2.22814736941391
2.22814259331139
2.22813738688987
2.22813218143032
2.22812740794324
2.22812263537148
2.22811743299739
2.2281122317848
2.22810746235361
2.22810269399748
2.22809749639729
2.22809230013775
2.22808753539363
2.22808277186801
2.22807757969392
2.22807238902132
2.22806762953095
2.22806287138781
2.22805768522532
2.22805250070874
2.22804774698077
2.22804299471564
2.22803781509034
2.22803263724058
2.22802788973165
2.22802314378931
2.22801797117296
2.22801280044853
2.22800805956846
2.22800332034812
2.22799815516415
2.22799299197655
2.22798825809317
2.22798352595311
2.2279783685815
2.22797321330002
2.22796848674341
2.22796376200512
2.22795861278686
2.22795346574284
2.22794874680916
2.22794402976109
2.22793888900209
2.22793375049281
2.22792903944775
2.22792433034867
2.22791919832335
2.22791406861547
2.22790936569733
2.22790466477933
2.2278995417338
2.22789442106644
2.22788972648894
2.22788503396013
2.22787992011506
2.22787480870263
2.22787012265735
2.22786543870429
2.2278603342575
2.22785523229217
2.22785055495083
2.22784587974072
2.22784078454497
2.22783568646467
2.22783100765449
2.22782632584205
2.22782121798864
2.22781610675378
2.22781141611368
2.2278067228071
2.22780160281196
2.22779647982966
2.22779177873017
2.22778707527758
2.22778194456706
2.22777681121739
2.22777210088674
2.22776738847905
2.22776224831022
2.22775710580853
2.22775238732793
2.2277476670131
2.22774251849163
2.22773736790647
2.22773264222613
2.22772791492473
2.22772275902144
2.22771760129052
2.22771286924387
2.22770813576291
2.22770297332835
2.22769780927269
2.22769307158902
2.22768833263424
2.2276831644117
2.22767799474824
2.22767325206395
2.22766850825069
2.22766333488773
2.22765816024053
2.22765341310906
2.22764866497199
2.22764348703072
2.22763830794086
2.22763355684159
2.22762880484334
2.22762362280948
2.22761843974394
2.22761368509007
2.22760892962882
2.22760374391987
2.22759855727936
2.2275937994249
2.22758904084125
2.22758385181366
2.22757866193961
2.22757390118563
2.22756913976864
2.22756394772422
2.227558754905
2.22755399150515
2.22754922749773
2.22754403268935
2.22753883716581
2.22753407133127
2.22752930493495
2.22752410757164
2.22751890954197
2.22751414144583
2.22750937282506
2.22750417307648
2.22749897270067
2.22749420248182
2.22748943176772
2.22748422976821
2.22747902717187
2.2274742549385
2.22746948223228
2.2274642780844
2.22745907336226
2.22745429919492
2.22744952457086
2.22744431834859
2.22743911156758
2.22743433552195
2.22742955903007
2.22742435078164
2.22741914198363
2.22741436409296
2.2274095857614
2.2274043755118
2.22739916471603
2.22739438499332
2.22738960483047
2.22738439258369
2.22737917978896
2.2273743982289
2.22736961622526
2.2273644019663
2.2273591871529
2.22735440373359
2.22734961986348
2.2273444035601
2.22733918669152
2.227334401376
2.22732961559903
2.22732439720334
2.22731917822781
2.22731439096545
2.22730960322784
2.2273043826777
2.22729916152955
2.22729437225723
2.22728958249301
2.2272843597133
2.22727913631417
2.22727434495737
2.22726955308942
2.22726432799312
2.22725910225303
2.22725430872681
2.22724951466778
2.22724428715699
2.22723905897529
2.22723426318512
2.22722946683829
2.22722423680505
2.22721900607132
2.22721420791385
2.22720940917383
2.22720417650096
2.22719894309568
2.22719414245941
2.22718934121281
2.22718410577458
2.22717886956987
2.22717406633574
2.22716926246176
2.22716402412448
2.22715878498466
2.22715397902657
2.2271491723975
2.22714393102008
2.22713868880221
2.22713387998752
2.22712907046918
2.22712382590363
2.22711858045796
2.22711376864787
2.22710895610004
2.22710370819186
2.22709845936224
2.22709364441219
2.22708882868895
2.2270835772775
2.22707832490177
2.22707350666171
2.22706868761176
2.22706343253064
2.2270581764409
2.22705335475564
2.22704853222255
2.22704327329985
2.22703801332279
2.22703318803218
2.22702836185467
2.22702309891321
2.22701783487032
2.22701300580953
2.22700817582164
2.22700290867924
2.22699764038705
2.22699280738671
2.22698797341802
2.22698270188764
2.22697742915788
2.22697259204428
2.22696775392005
2.22696247781
2.22695720044978
2.22695235904498
2.22694751658628
2.22694223570035
2.22693695351229
2.22693210763428
2.22692726065813
2.2269219747957
2.22691668757805
2.22691183704083
2.22690698536029
2.22690169431644
2.22689640186319
2.22689154647685
2.22688668990108
2.22688139346671
2.22687609556764
2.22687123513847
2.22686637347285
2.2268610714347
2.22685576787549
2.226850902206
2.22684603525213
2.22684072739288
2.22683541795515
2.22683054684413
2.22682567439994
2.22682036049822
2.22681504495956
2.22681016820214
2.22680529006186
2.22679996989233
2.22679464802635
2.226789765414
2.22678488136822
2.22677955470155
2.2267742262779
2.22676933759844
2.22676444743413
2.22675911403705
2.22675377882141
2.22674888385907
2.22674398735956
2.22673864699486
2.22673330474898
2.22672840328433
2.22672350022936
2.22671815265585
2.22671280313754
2.22670789494755
2.22670298511321
2.22669763008577
2.22669227304885
2.22668735790686
2.2266824410656
2.22667707833513
2.22667171352946
2.22666679120516
2.22666186712578
2.22665649643919
2.22665112361064
2.22664619387002
2.22664126231765
2.22663588341783
2.22663050230824
2.2266255634316
2.22662061132847
2.22661519538295
2.22660976215602
2.22660476459657
2.22659975290151
2.22659427277272
2.22658877640283
2.22658372179385
2.22657865487306
2.22657311930974
2.22656757262856
2.22656247605561
2.22655737029333
2.22655179308739
2.22654620508386
2.22654107080838
2.22653592753235
2.22653030962626
2.22652468111788
2.22651950983759
2.22651432970175
2.22650867176121
2.2265030033662
2.22649779560965
2.22649257910447
2.22648688162175
2.22648117378953
2.22647592993413
2.2264706774026
2.22646494071323
2.22645919374052
2.22645391402692
2.22644862567845
2.22644284997586
2.22643706402087
2.22643174856548
2.22642642448811
2.22642060983654
2.2264147849314
2.22640943373753
2.22640407390865
2.22639822025444
2.22639235631615
2.22638696928372
2.22638157357951
2.22637568076105
2.22636977760108
2.22636435453512
2.2263589227388
2.22635299049525
2.22634704782795
2.2263415884461
2.22633612025519
2.22633014823407
2.22632416568402
2.22631866962307
2.22631316465564
2.22630715241954
2.22630112952796
2.2262955963495
2.22629005414976
2.22628400118206
2.22627793741238
2.22627236660781
2.22626678665082
2.22626069236075
2.22625458710347
2.22624897809821
2.22624335979404
2.22623722352102
2.22623107609787
2.22622542825508
2.22621977095236
2.22621359196971
2.22620740163718
2.22620171426094
2.22619601724987
2.22618979476798
2.22618356072043
2.22617783305837
2.22617209557333
2.22616582874235
2.2261595501145
2.22615378136007
2.22614800258174
2.2261416904938
2.2261353663629
2.22612955565724
2.22612373471437
2.22611737640544
2.22611100579299
2.22610515222641
2.22609928819728
2.22609288264861
2.22608646452175
2.22608056713495
2.22607465904846
2.22606820518775
2.2260617384603
2.22605579624528
2.2260498430818
2.22604333978402
2.22603682331725
2.22603083521793
2.22602483590989
2.22601828199786
2.22601171460099
2.22600567951362
2.22599963294583
2.22599302719052
2.22598640762099
2.22598032439431
2.2259742294041
2.22596757052471
2.22596089748816
2.22595476492338
2.22594862030052
2.22594190696431
2.2259351791144
2.22592899596498
2.22592280045139
2.22591603127339
2.22590924721138
2.22590301218259
2.2258967644719
2.22588993801431
2.2258830962885
2.22587680803688
2.22587050677379
2.22586362154528
2.22585672065023
2.22585037778279
2.22584402156233
2.22583707601715
2.2258301143927
2.22582371546606
2.2258173028326
2.22581029536948
2.22580327139969
2.225796814919
2.22579034436518
2.22578327332613
2.22577618533797
2.22576966975574
2.22576313972121
2.22575600339012
2.22574884965206
2.22574227336675
2.22573568223682
2.22572847883791
2.22572125755832
2.22571461891289
2.22570796501698
2.22570069271309
2.22569340203847
2.22568669931877
2.22567998092874
2.22567263781946
2.22566527583261
2.22565850726552
2.22565172259388
2.22564430671356
2.22563687143144
2.22563003518304
2.22562318238096
2.22561569169654
2.22560818106811
2.22560127524154
2.22559435239677
2.22558678480541
2.22557919670923
2.22557221934252
2.22556522447714
2.22555757780375
2.22554991004545
2.22554285910914
2.22553579017713
2.2255280621717
2.22552031248128
2.22551318587588
2.22550604076058
2.22549822909534
2.22549039512424
2.22548319067755
2.22547596718894
2.22546806945533
2.22546014877341
2.22545286423769
2.22544556010946
2.22543757381494
2.2254295639072
2.2254221969561
2.2254148098426
2.22540673240724
2.22539863067039
2.22539117889574
2.22538370636873
2.22537553512162
2.22536733886037
2.22535979976882
2.225352239314
2.22534397148939
2.22533567791264
2.225328048922
2.22532039793535
2.22531203066865
2.22530363688534
2.22529591532081
2.22528817110473
2.22527970142823
2.225271204443
2.22526338753309
2.22525554729232
2.22524697213061
2.22523836883923
2.2252304537115
2.22522251454876
2.22521383071401
2.22520511789847
2.22519710157501
2.22518906048644
2.22518026467325
2.22517143899667
2.22516331838931
2.22515517225957
2.22514626103967
2.22513731904078
2.22512909094601
2.22512083654321
2.22511180635971
2.22510274444716
2.22509440554077
2.22508603951094
2.22507688667238
2.22506770111855
2.22505924794995
2.22505076681137
2.22504148748527
2.22503217441986
2.22502360340605
2.22501500354307
2.22500560316473
2.22499622065792
2.22498763443404
2.2249790682908
2.22496975127205
2.22496045686044
2.22495197487492
2.22494353935061
2.22493439465454
2.22492530213442
2.22491700425182
2.22490874764006
2.22489979142411
2.22489088064451
2.22488274395997
2.224874643081
2.2248658505161
2.22485709720116
2.22484909990755
2.22484113341562
2.2248324817453
2.22482386365876
2.22481598578002
2.22480813411799
2.22479960248783
