0	1
0.01	1
0.02	1
0.03	1
0.04	1
0.05	1
0.06	1
0.07	1
0.08	1
0.09	1
0.1	1
0.11	1
0.12	1
0.13	1
0.14	1
0.15	1
0.16	1
0.17	1
0.18	1
0.19	1
0.2	1
0.21	1
0.22	1
0.23	1
0.24	1
0.25	1
0.26	1
0.27	1
0.28	1
0.29	1
0.3	1
0.31	1
0.32	1
0.33	1
0.34	1
0.35	1
0.36	1
0.37	1
0.38	1
0.39	1
0.4	1
0.41	1
0.42	1
0.43	1
0.44	1
0.45	1
0.46	1
0.47	1
0.48	1
0.49	1
0.5	1
0.51	1
0.52	1
0.53	1
0.54	1
0.55	1
0.56	1
0.57	1
0.58	1
0.59	1
0.6	1
0.61	1
0.62	1
0.63	1
0.64	1
0.65	1
0.66	1
0.67	1
0.68	1
0.69	1
0.7	1
0.71	1
0.72	1
0.73	1
0.74	1
0.75	1
0.76	1
0.77	1
0.78	1
0.79	1
0.8	1
0.81	1
0.82	1
0.83	1
0.84	1
0.85	1
0.86	1
0.87	1
0.88	1
0.89	1
0.9	1
0.91	1
0.92	1
0.93	1
0.94	1
0.95	1
0.96	1
0.97	1
0.98	1
0.99	1
1	1
1.01	1
1.02	1
1.03	1
1.04	1
1.05	1
1.06	1
1.07	1
1.08	1
1.09	1
1.1	1
1.11	1
1.12	1
1.13	1
1.14	1
1.15	1
1.16	1
1.17	1
1.18	1
1.19	1
1.2	1
1.21	1
1.22	1
1.23	1
1.24	1
1.25	1
1.26	1
1.27	1
1.28	1
1.29	1
1.3	1
1.31	1
1.32	1
1.33	1
1.34	1
1.35	1
1.36	1
1.37	1
1.38	1
1.39	1
1.4	1
1.41	1
1.42	1
1.43	1
1.44	1
1.45	1
1.46	1
1.47	1
1.48	1
1.49	1
1.5	1
1.51	1
1.52	1
1.53	1
1.54	1
1.55	1
1.56	1
1.57	1
1.58	1
1.59	1
1.6	1
1.61	1
1.62	1
1.63	1
1.64	1
1.65	1
1.66	1
1.67	1
1.68	1
1.69	1
1.7	1
1.71	1
1.72	1
1.73	1
1.74	1
1.75	1
1.76	1
1.77	1
1.78	1
1.79	1
1.8	1
1.81	1
1.82	1
1.83	1
1.84	1
1.85	1
1.86	1
1.87	1
1.88	1
1.89	1
1.9	1
1.91	1
1.92	1
1.93	1
1.94	1
1.95	1
1.96	1
1.97	1
1.98	1
1.99	1
2	1
2.01	1
2.02	1
2.03	1
2.04	1
2.05	1
2.06	1
2.07	1
2.08	1
2.09	1
2.1	1
2.11	1
2.12	1
2.13	1
2.14	1
2.15	1
2.16	1
2.17	1
2.18	1
2.19	1
2.2	1
2.21	1
2.22	1
2.23	1
2.24	1
2.25	1
2.26	1
2.27	1
2.28	1
2.29	1
2.3	1
2.31	1
2.32	1
2.33	1
2.34	1
2.35	1
2.36	1
2.37	1
2.38	1
2.39	1
2.4	1
2.41	1
2.42	1
2.43	1
2.44	1
2.45	1
2.46	1
2.47	1
2.48	1
2.49	1
2.5	1
2.51	1
2.52	1
2.53	1
2.54	1
2.55	1
2.56	1
2.57	1
2.58	1
2.59	1
2.6	1
2.61	1
2.62	1
2.63	1
2.64	1
2.65	1
2.66	1
2.67	1
2.68	1
2.69	2
2.7	2
2.71	2
2.72	2
2.73	2
2.74	2
2.75	2
2.76	2
2.77	2
2.78	2
2.79	2
2.8	2
2.81	2
2.82	2
2.83	2
2.84	2
2.85	2
2.86	2
2.87	2
2.88	2
2.89	2
2.9	2
2.91	2
2.92	2
2.93	2
2.94	2
2.95	2
2.96	2
2.97	2
2.98	2
2.99	2
3	2
3.01	2
3.02	2
3.03	2
3.04	2
3.05	2
3.06	2
3.07	2
3.08	2
3.09	2
3.1	2
3.11	2
3.12	2
3.13	2
3.14	2
3.15	2
3.16	2
3.17	2
3.18	2
3.19	2
3.2	2
3.21	2
3.22	2
3.23	2
3.24	2
3.25	2
3.26	2
3.27	2
3.28	2
3.29	2
3.3	2
3.31	2
3.32	2
3.33	2
3.34	2
3.35	2
3.36	2
3.37	2
3.38	2
3.39	2
3.4	2
3.41	2
3.42	2
3.43	2
3.44	2
3.45	2
3.46	2
3.47	2
3.48	2
3.49	2
3.5	2
3.51	2
3.52	2
3.53	2
3.54	2
3.55	2
3.56	2
3.57	2
3.58	2
3.59	2
3.6	2
3.61	2
3.62	2
3.63	2
3.64	2
3.65	2
3.66	2
3.67	2
3.68	2
3.69	2
3.7	2
3.71	2
3.72	2
3.73	2
3.74	2
3.75	2
3.76	2
3.77	2
3.78	2
3.79	2
3.8	2
3.81	2
3.82	2
3.83	2
3.84	2
3.85	2
3.86	2
3.87	2
3.88	2
3.89	2
3.9	2
3.91	2
3.92	2
3.93	2
3.94	2
3.95	2
3.96	2
3.97	2
3.98	2
3.99	2
4	2
4.01	2
4.02	2
4.03	2
4.04	2
4.05	2
4.06	2
4.07	2
4.08	2
4.09	2
4.1	2
4.11	2
4.12	2
4.13	2
4.14	2
4.15	2
4.16	2
4.17	2
4.18	2
4.19	2
4.2	2
4.21	2
4.22	2
4.23	2
4.24	2
4.25	2
4.26	2
4.27	2
4.28	2
4.29	2
4.3	2
4.31	2
4.32	2
4.33	2
4.34	2
4.35	2
4.36	2
4.37	2
4.38	2
4.39	2
4.4	2
4.41	2
4.42	2
4.43	2
4.44	2
4.45	2
4.46	2
4.47	2
4.48	2
4.49	2
4.5	2
4.51	2
4.52	2
4.53	2
4.54	2
4.55	2
4.56	2
4.57	2
4.58	2
4.59	2
4.6	2
4.61	2
4.62	2
4.63	2
4.64	2
4.65	2
4.66	2
4.67	2
4.68	2
4.69	2
4.7	2
4.71	2
4.72	2
4.73	2
4.74	2
4.75	2
4.76	2
4.77	2
4.78	2
4.79	2
4.8	2
4.81	2
4.82	2
4.83	2
4.84	2
4.85	2
4.86	2
4.87	2
4.88	2
4.89	2
4.9	2
4.91	2
4.92	2
4.93	2
4.94	2
4.95	2
4.96	2
4.97	2
4.98	2
4.99	2
5	2
5.01	2
5.02	2
5.03	2
5.04	2
5.05	2
5.06	2
5.07	2
5.08	2
5.09	2
5.1	2
5.11	2
5.12	2
5.13	2
5.14	2
5.15	3
5.16	3
5.17	3
5.18	3
5.19	3
5.2	3
5.21	3
5.22	3
5.23	3
5.24	3
5.25	3
5.26	3
5.27	3
5.28	3
5.29	3
5.3	3
5.31	3
5.32	3
5.33	3
5.34	3
5.35	3
5.36	3
5.37	3
5.38	3
5.39	3
5.4	3
5.41	3
5.42	3
5.43	3
5.44	3
5.45	3
5.46	3
5.47	3
5.48	3
5.49	3
5.5	3
5.51	3
5.52	3
5.53	3
5.54	3
5.55	3
5.56	3
5.57	3
5.58	3
5.59	3
5.6	3
5.61	3
5.62	3
5.63	3
5.64	3
5.65	3
5.66	3
5.67	3
5.68	3
5.69	3
5.7	3
5.71	3
5.72	3
5.73	3
5.74	3
5.75	3
5.76	3
5.77	3
5.78	3
5.79	3
5.8	3
5.81	3
5.82	3
5.83	3
5.84	3
5.85	3
5.86	3
5.87	3
5.88	3
5.89	3
5.9	3
5.91	3
5.92	3
5.93	3
5.94	3
5.95	3
5.96	3
5.97	3
5.98	3
5.99	3
6	3
6.01	3
6.02	3
6.03	3
6.04	3
6.05	3
6.06	3
6.07	3
6.08	3
6.09	3
6.1	3
6.11	3
6.12	3
6.13	3
6.14	3
6.15	3
6.16	3
6.17	3
6.18	3
6.19	3
6.2	3
6.21	3
6.22	3
6.23	3
6.24	3
6.25	3
6.26	3
6.27	3
6.28	3
6.29	3
6.3	3
6.31	3
6.32	3
6.33	3
6.34	3
6.35	3
6.36	3
6.37	3
6.38	3
6.39	3
6.4	3
6.41	3
6.42	3
6.43	3
6.44	3
6.45	3
6.46	3
6.47	3
6.48	3
6.49	3
6.5	3
6.51	3
6.52	3
6.53	3
6.54	3
6.55	3
6.56	3
6.57	3
6.58	3
6.59	3
6.6	3
6.61	3
6.62	3
6.63	3
6.64	3
6.65	3
6.66	3
6.67	3
6.68	3
6.69	3
6.7	3
6.71	3
6.72	3
6.73	3
6.74	3
6.75	3
6.76	3
6.77	3
6.78	3
6.79	3
6.8	3
6.81	3
6.82	3
6.83	3
6.84	3
6.85	3
6.86	3
6.87	3
6.88	3
6.89	3
6.9	3
6.91	3
6.92	3
6.93	3
6.94	3
6.95	3
6.96	3
6.97	3
6.98	3
6.99	3
7	3
7.01	3
7.02	3
7.03	3
7.04	3
7.05	3
7.06	3
7.07	3
7.08	3
7.09	3
7.1	3
7.11	3
7.12	3
7.13	3
7.14	3
7.15	3
7.16	3
7.17	3
7.18	3
7.19	3
7.2	3
7.21	3
7.22	3
7.23	3
7.24	3
7.25	3
7.26	3
7.27	3
7.28	3
7.29	3
7.3	3
7.31	3
7.32	3
7.33	3
7.34	3
7.35	3
7.36	3
7.37	3
7.38	3
7.39	3
7.4	3
7.41	3
7.42	3
7.43	3
7.44	3
7.45	3
7.46	3
7.47	3
7.48	3
7.49	3
7.5	3
7.51	3
7.52	3
7.53	3
7.54	3
7.55	3
7.56	3
7.57	3
7.58	3
7.59	3
7.6	3
7.61	3
7.62	3
7.63	3
7.64	3
7.65	3
7.66	3
7.67	3
7.68	3
7.69	3
7.7	3
7.71	3
7.72	3
7.73	3
7.74	3
7.75	3
7.76	3
7.77	3
7.78	3
7.79	3
7.8	3
7.81	3
7.82	3
7.83	3
7.84	3
7.85	3
7.86	3
7.87	3
7.88	3
7.89	3
7.9	3
7.91	3
7.92	3
7.93	3
7.94	3
7.95	3
7.96	3
7.97	3
7.98	3
7.99	3
8	3
8.01	3
8.02	3
8.03	3
8.04	3
8.05	3
8.06	3
8.07	3
8.08	3
8.09	3
8.1	3
8.11	3
8.12	3
8.13	3
8.14	3
8.15	3
8.16	3
8.17	3
8.18	3
8.19	3
8.2	3
8.21	3
8.22	3
8.23	3
8.24	3
8.25	3
8.26	3
8.27	3
8.28	3
8.29	3
8.3	3
8.31	3
8.32	3
8.33	3
8.34	3
8.35	3
8.36	3
8.37	3
8.38	3
8.39	3
8.4	3
8.41	3
8.42	3
8.43	3
8.44	3
8.45	3
8.46	3
8.47	3
8.48	3
8.49	3
8.5	3
8.51	3
8.52	3
8.53	3
8.54	3
8.55	3
8.56	3
8.57	3
8.58	3
8.59	3
8.6	3
8.61	3
8.62	3
8.63	3
8.64	3
8.65	3
8.66	3
8.67	3
8.68	3
8.69	3
8.7	3
8.71	3
8.72	3
8.73	3
8.74	3
8.75	3
8.76	3
8.77	3
8.78	3
8.79	3
8.8	3
8.81	3
8.82	3
8.83	3
8.84	3
8.85	3
8.86	3
8.87	3
8.88	3
8.89	3
8.9	3
8.91	3
8.92	3
8.93	3
8.94	3
8.95	3
8.96	3
8.97	3
8.98	3
8.99	3
9	3
9.01	3
9.02	3
9.03	3
9.04	3
9.05	3
9.06	3
9.07	3
9.08	3
9.09	3
9.1	3
9.11	3
9.12	3
9.13	3
9.14	3
9.15	4
9.16	4
9.17	4
9.18	4
9.19	4
9.2	4
9.21	4
9.22	4
9.23	4
9.24	4
9.25	4
9.26	4
9.27	4
9.28	4
9.29	4
9.3	4
9.31	4
9.32	4
9.33	4
9.34	4
9.35	4
9.36	4
9.37	4
9.38	4
9.39	4
9.4	4
9.41	4
9.42	4
9.43	4
9.44	4
9.45	4
9.46	4
9.47	4
9.48	4
9.49	4
9.5	4
9.51	4
9.52	4
9.53	4
9.54	4
9.55	4
9.56	4
9.57	4
9.58	4
9.59	4
9.6	4
9.61	4
9.62	4
9.63	4
9.64	4
9.65	4
9.66	4
9.67	4
9.68	4
9.69	4
9.7	4
9.71	4
9.72	4
9.73	4
9.74	4
9.75	4
9.76	4
9.77	4
9.78	4
9.79	4
9.8	4
9.81	4
9.82	4
9.83	4
9.84	4
9.85	4
9.86	4
9.87	4
9.88	4
9.89	4
9.9	4
9.91	4
9.92	4
9.93	4
9.94	4
9.95	4
9.96	4
9.97	4
9.98	4
9.99	4
10	4
10.01	4
10.02	4
10.03	4
10.04	4
10.05	4
10.06	4
10.07	4
10.08	4
10.09	4
10.1	4
10.11	4
10.12	4
10.13	4
10.14	4
10.15	4
10.16	4
10.17	4
10.18	4
10.19	4
10.2	4
10.21	4
10.22	4
10.23	4
10.24	4
10.25	4
10.26	4
10.27	4
10.28	4
10.29	4
10.3	4
10.31	4
10.32	4
10.33	4
10.34	4
10.35	4
10.36	4
10.37	4
10.38	4
10.39	4
10.4	4
10.41	4
10.42	4
10.43	4
10.44	4
10.45	4
10.46	4
10.47	4
10.48	4
10.49	4
10.5	4
10.51	4
10.52	4
10.53	4
10.54	4
10.55	4
10.56	4
10.57	4
10.58	4
10.59	4
10.6	4
10.61	4
10.62	4
10.63	4
10.64	4
10.65	4
10.66	4
10.67	4
10.68	4
10.69	4
10.7	4
10.71	4
10.72	4
10.73	4
10.74	4
10.75	4
10.76	4
10.77	4
10.78	4
10.79	4
10.8	4
10.81	4
10.82	4
10.83	4
10.84	4
10.85	4
10.86	4
10.87	4
10.88	4
10.89	4
10.9	4
10.91	4
10.92	4
10.93	4
10.94	4
10.95	4
10.96	4
10.97	4
10.98	4
10.99	4
11	4
11.01	4
11.02	4
11.03	4
11.04	4
11.05	4
11.06	4
11.07	4
11.08	4
11.09	4
11.1	4
11.11	4
11.12	4
11.13	4
11.14	4
11.15	4
11.16	4
11.17	4
11.18	4
11.19	4
11.2	4
11.21	4
11.22	4
11.23	4
11.24	4
11.25	4
11.26	4
11.27	4
11.28	4
11.29	4
11.3	4
11.31	4
11.32	4
11.33	4
11.34	4
11.35	4
11.36	4
11.37	4
11.38	4
11.39	4
11.4	4
11.41	4
11.42	4
11.43	4
11.44	4
11.45	4
11.46	4
11.47	4
11.48	4
11.49	4
11.5	4
11.51	4
11.52	4
11.53	4
11.54	4
11.55	4
11.56	4
11.57	4
11.58	4
11.59	4
11.6	4
11.61	4
11.62	4
11.63	4
11.64	4
11.65	4
11.66	4
11.67	4
11.68	4
11.69	4
11.7	4
11.71	4
11.72	4
11.73	4
11.74	4
11.75	4
11.76	4
11.77	4
11.78	4
11.79	4
11.8	4
11.81	4
11.82	4
11.83	4
11.84	4
11.85	4
11.86	4
11.87	4
11.88	4
11.89	4
11.9	4
11.91	4
11.92	4
11.93	4
11.94	4
11.95	4
11.96	4
11.97	4
11.98	4
11.99	4
12	4
12.01	4
12.02	4
12.03	4
12.04	4
12.05	4
12.06	4
12.07	4
12.08	4
12.09	4
12.1	4
12.11	4
12.12	4
12.13	4
12.14	4
12.15	4
12.16	4
12.17	4
12.18	4
12.19	4
12.2	4
12.21	4
12.22	4
12.23	4
12.24	4
12.25	4
12.26	4
12.27	4
12.28	4
12.29	4
12.3	4
12.31	4
12.32	4
12.33	4
12.34	4
12.35	4
12.36	4
12.37	4
12.38	4
12.39	4
12.4	4
12.41	4
12.42	4
12.43	4
12.44	4
12.45	4
12.46	4
12.47	4
12.48	4
12.49	4
12.5	4
12.51	4
12.52	4
12.53	4
12.54	4
12.55	4
12.56	4
12.57	4
12.58	4
12.59	4
12.6	4
12.61	4
12.62	4
12.63	4
12.64	4
12.65	4
12.66	4
12.67	4
12.68	4
12.69	4
12.7	4
12.71	4
12.72	4
12.73	4
12.74	4
12.75	4
12.76	4
12.77	4
12.78	4
12.79	4
12.8	4
12.81	4
12.82	4
12.83	4
12.84	4
12.85	4
12.86	4
12.87	4
12.88	4
12.89	4
12.9	4
12.91	4
12.92	4
12.93	4
12.94	4
12.95	4
12.96	4
12.97	4
12.98	4
12.99	4
13	4
13.01	4
13.02	4
13.03	4
13.04	4
13.05	4
13.06	4
13.07	4
13.08	4
13.09	4
13.1	4
13.11	4
13.12	4
13.13	4
13.14	4
13.15	4
13.16	4
13.17	4
13.18	4
13.19	4
13.2	4
13.21	4
13.22	4
13.23	4
13.24	4
13.25	4
13.26	4
13.27	4
13.28	4
13.29	4
13.3	4
13.31	4
13.32	4
13.33	4
13.34	4
13.35	4
13.36	4
13.37	4
13.38	4
13.39	4
13.4	4
13.41	4
13.42	4
13.43	4
13.44	4
13.45	4
13.46	4
13.47	4
13.48	4
13.49	4
13.5	4
13.51	4
13.52	4
13.53	4
13.54	4
13.55	4
13.56	4
13.57	4
13.58	4
13.59	4
13.6	4
13.61	4
13.62	4
13.63	4
13.64	4
13.65	4
13.66	4
13.67	4
13.68	4
13.69	4
13.7	4
13.71	4
13.72	4
13.73	4
13.74	4
13.75	4
13.76	4
13.77	4
13.78	4
13.79	4
13.8	4
13.81	4
13.82	4
13.83	4
13.84	4
13.85	4
13.86	4
13.87	4
13.88	4
13.89	4
13.9	4
13.91	4
13.92	4
13.93	4
13.94	4
13.95	4
13.96	4
13.97	4
13.98	4
13.99	4
14	4
14.01	4
14.02	4
14.03	4
14.04	4
14.05	4
14.06	4
14.07	4
14.08	4
14.09	4
14.1	4
14.11	4
14.12	4
14.13	4
14.14	4
14.15	4
14.16	4
14.17	4
14.18	4
14.19	4
14.2	4
14.21	4
14.22	4
14.23	4
14.24	4
14.25	4
14.26	4
14.27	4
14.28	4
14.29	4
14.3	4
14.31	4
14.32	4
14.33	4
14.34	4
14.35	4
14.36	4
14.37	4
14.38	4
14.39	4
14.4	4
14.41	4
14.42	4
14.43	4
14.44	4
14.45	4
14.46	4
14.47	4
14.48	4
14.49	4
14.5	4
14.51	4
14.52	4
14.53	4
14.54	4
14.55	4
14.56	4
14.57	4
14.58	4
14.59	4
14.6	4
14.61	4
14.62	4
14.63	4
14.64	4
14.65	4
14.66	4
14.67	4
14.68	4
14.69	4
14.7	4
14.71	4
14.72	4
14.73	4
14.74	4
14.75	4
14.76	4
14.77	4
14.78	4
14.79	4
14.8	4
14.81	4
14.82	4
14.83	4
14.84	4
14.85	4
14.86	4
14.87	4
14.88	4
14.89	4
14.9	4
14.91	4
14.92	4
14.93	4
14.94	4
14.95	4
14.96	4
14.97	4
14.98	4
14.99	4
15	4
15.01	4
15.02	4
15.03	4
15.04	4
15.05	4
15.06	4
15.07	4
15.08	4
15.09	4
15.1	4
15.11	4
15.12	4
15.13	4
15.14	4
15.15	4
15.16	4
15.17	4
15.18	4
15.19	4
15.2	4
15.21	4
15.22	4
15.23	4
15.24	4
15.25	4
15.26	4
15.27	4
15.28	4
15.29	4
15.3	4
15.31	4
15.32	4
15.33	4
15.34	4
15.35	4
15.36	4
15.37	4
15.38	4
15.39	4
15.4	4
15.41	4
15.42	4
15.43	4
15.44	4
15.45	4
15.46	4
15.47	4
15.48	4
15.49	4
15.5	4
15.51	4
15.52	4
15.53	4
15.54	4
15.55	4
15.56	4
15.57	4
15.58	4
15.59	4
15.6	4
15.61	4
15.62	4
15.63	4
15.64	4
15.65	4
15.66	4
15.67	4
15.68	4
15.69	4
15.7	4
15.71	4
15.72	4
15.73	4
15.74	4
15.75	4
15.76	4
15.77	4
15.78	4
15.79	4
15.8	4
15.81	4
15.82	4
15.83	4
15.84	4
15.85	4
15.86	4
15.87	4
15.88	4
15.89	4
15.9	4
15.91	4
15.92	4
15.93	4
15.94	4
15.95	4
15.96	4
15.97	4
15.98	4
15.99	4
16	4
16.01	4
16.02	4
16.03	4
16.04	4
16.05	4
16.06	4
16.07	4
16.08	4
16.09	4
16.1	4
16.11	4
16.12	4
16.13	4
16.14	4
16.15	4
16.16	4
16.17	4
16.18	4
16.19	4
16.2	4
16.21	4
16.22	4
16.23	4
16.24	4
16.25	4
16.26	4
16.27	4
16.28	4
16.29	4
16.3	4
16.31	4
16.32	4
16.33	4
16.34	4
16.35	4
16.36	4
16.37	4
16.38	4
16.39	4
16.4	4
16.41	4
16.42	4
16.43	4
16.44	4
16.45	4
16.46	4
16.47	4
16.48	4
16.49	4
16.5	4
16.51	4
16.52	4
16.53	4
16.54	4
16.55	4
16.56	4
16.57	4
16.58	4
16.59	4
16.6	4
16.61	4
16.62	4
16.63	4
16.64	4
16.65	4
16.66	4
16.67	4
16.68	4
16.69	4
16.7	4
16.71	4
16.72	4
16.73	4
16.74	4
16.75	4
16.76	4
16.77	4
16.78	4
16.79	4
16.8	4
16.81	4
16.82	4
16.83	4
16.84	4
16.85	4
16.86	4
16.87	4
16.88	4
16.89	4
16.9	4
16.91	4
16.92	4
16.93	4
16.94	4
16.95	4
16.96	4
16.97	4
16.98	4
16.99	4
17	4
17.01	4
17.02	4
17.03	4
17.04	4
17.05	4
17.06	4
17.07	4
17.08	4
17.09	4
17.1	4
17.11	4
17.12	4
17.13	4
17.14	4
17.15	4
17.16	4
17.17	4
17.18	4
17.19	4
17.2	4
17.21	4
17.22	4
17.23	4
17.24	4
17.25	4
17.26	4
17.27	4
17.28	4
17.29	4
17.3	4
17.31	4
17.32	4
17.33	4
17.34	4
17.35	4
17.36	4
17.37	4
17.38	4
17.39	4
17.4	4
17.41	4
17.42	4
17.43	4
17.44	4
17.45	4
17.46	4
17.47	4
17.48	4
17.49	4
17.5	4
17.51	4
17.52	4
17.53	4
17.54	4
17.55	4
17.56	4
17.57	4
17.58	4
17.59	4
17.6	4
17.61	4
17.62	4
17.63	4
17.64	4
17.65	4
17.66	4
17.67	4
17.68	4
17.69	4
17.7	4
17.71	4
17.72	4
17.73	4
17.74	4
17.75	4
17.76	4
17.77	4
17.78	4
17.79	4
17.8	4
17.81	4
17.82	4
17.83	4
17.84	4
17.85	4
17.86	4
17.87	4
17.88	4
17.89	4
17.9	4
17.91	4
17.92	4
17.93	4
17.94	4
17.95	4
17.96	4
17.97	4
17.98	4
17.99	4
18	4
18.01	4
18.02	4
18.03	4
18.04	4
18.05	4
18.06	4
18.07	4
18.08	4
18.09	4
18.1	4
18.11	4
18.12	4
18.13	4
18.14	4
18.15	4
18.16	4
18.17	4
18.18	4
18.19	4
18.2	4
18.21	4
18.22	4
18.23	4
18.24	4
18.25	4
18.26	4
18.27	4
18.28	4
18.29	4
18.3	4
18.31	4
18.32	4
18.33	4
18.34	4
18.35	4
18.36	4
18.37	4
18.38	4
18.39	4
18.4	4
18.41	4
18.42	4
18.43	4
18.44	4
18.45	4
18.46	4
18.47	4
18.48	4
18.49	4
18.5	4
18.51	4
18.52	4
18.53	4
18.54	4
18.55	4
18.56	4
18.57	4
18.58	4
18.59	4
18.6	4
18.61	4
18.62	4
18.63	4
18.64	4
18.65	4
18.66	4
18.67	4
18.68	4
18.69	4
18.7	4
18.71	4
18.72	4
18.73	4
18.74	4
18.75	4
18.76	4
18.77	4
18.78	4
18.79	4
18.8	4
18.81	4
18.82	4
18.83	4
18.84	4
18.85	4
18.86	4
18.87	4
18.88	4
18.89	4
18.9	4
18.91	4
18.92	4
18.93	4
18.94	4
18.95	4
18.96	4
18.97	4
18.98	4
18.99	4
19	4
19.01	4
19.02	4
19.03	4
19.04	4
19.05	4
19.06	4
19.07	4
19.08	4
19.09	4
19.1	4
19.11	4
19.12	4
19.13	4
19.14	4
19.15	4
19.16	4
19.17	4
19.18	4
19.19	4
19.2	4
19.21	4
19.22	4
19.23	4
19.24	4
19.25	4
19.26	4
19.27	4
19.28	4
19.29	4
19.3	4
19.31	4
19.32	4
19.33	4
19.34	4
19.35	4
19.36	4
19.37	4
19.38	4
19.39	4
19.4	4
19.41	4
19.42	4
19.43	4
19.44	4
19.45	4
19.46	4
19.47	4
19.48	4
19.49	4
19.5	4
19.51	4
19.52	4
19.53	4
19.54	4
19.55	4
19.56	4
19.57	4
19.58	4
19.59	4
19.6	4
19.61	4
19.62	4
19.63	4
19.64	4
19.65	4
19.66	4
19.67	4
19.68	4
19.69	4
19.7	4
19.71	4
19.72	4
19.73	4
19.74	4
19.75	4
19.76	4
19.77	4
19.78	4
19.79	4
19.8	4
19.81	4
19.82	4
19.83	4
19.84	4
19.85	4
19.86	4
19.87	4
19.88	4
19.89	4
19.9	4
19.91	4
19.92	4
19.93	4
19.94	4
19.95	4
19.96	4
19.97	4
19.98	4
19.99	4
20	4
20.01	4
20.02	4
20.03	4
20.04	4
20.05	4
20.06	4
20.07	4
20.08	4
20.09	4
20.1	4
20.11	4
20.12	4
20.13	4
20.14	4
20.15	4
20.16	4
20.17	4
20.18	4
20.19	4
20.2	4
20.21	4
20.22	4
20.23	4
20.24	4
20.25	4
20.26	4
20.27	4
20.28	4
20.29	4
20.3	4
20.31	4
20.32	4
20.33	4
20.34	4
20.35	4
20.36	4
20.37	4
20.38	4
20.39	4
20.4	4
20.41	4
20.42	4
20.43	4
20.44	4
20.45	4
20.46	4
20.47	4
20.48	4
20.49	4
20.5	4
20.51	4
20.52	4
20.53	4
20.54	4
20.55	4
20.56	4
20.57	4
20.58	4
20.59	4
20.6	4
20.61	4
20.62	4
20.63	4
20.64	4
20.65	4
20.66	4
20.67	4
20.68	4
20.69	4
20.7	4
20.71	4
20.72	4
20.73	4
20.74	4
20.75	4
20.76	4
20.77	4
20.78	4
20.79	4
20.8	4
20.81	4
20.82	4
20.83	4
20.84	4
20.85	4
20.86	4
20.87	4
20.88	4
20.89	4
20.9	4
20.91	4
20.92	4
20.93	4
20.94	4
20.95	4
20.96	4
20.97	4
20.98	4
20.99	4
21	4
21.01	4
21.02	4
21.03	4
21.04	4
21.05	4
21.06	4
21.07	4
21.08	4
21.09	4
21.1	4
21.11	4
21.12	4
21.13	4
21.14	4
21.15	4
21.16	4
21.17	4
21.18	4
21.19	4
21.2	4
21.21	4
21.22	4
21.23	4
21.24	4
21.25	4
21.26	4
21.27	4
21.28	4
21.29	4
21.3	4
21.31	4
21.32	4
21.33	4
21.34	4
21.35	4
21.36	4
21.37	4
21.38	4
21.39	4
21.4	4
21.41	4
21.42	4
21.43	4
21.44	4
21.45	4
21.46	4
21.47	4
21.48	4
21.49	4
21.5	4
21.51	4
21.52	4
21.53	4
21.54	4
21.55	4
21.56	4
21.57	4
21.58	4
21.59	4
21.6	4
21.61	4
21.62	4
21.63	4
21.64	4
21.65	4
21.66	4
21.67	4
21.68	4
21.69	4
21.7	4
21.71	4
21.72	4
21.73	4
21.74	4
21.75	4
21.76	4
21.77	4
21.78	4
21.79	4
21.8	4
21.81	4
21.82	4
21.83	4
21.84	4
21.85	4
21.86	4
21.87	4
21.88	4
21.89	4
21.9	4
21.91	4
21.92	4
21.93	4
21.94	4
21.95	4
21.96	4
21.97	4
21.98	4
21.99	4
22	4
22.01	4
22.02	4
22.03	4
22.04	4
22.05	4
22.06	4
22.07	4
22.08	4
22.09	4
22.1	4
22.11	4
22.12	4
22.13	4
22.14	4
22.15	4
22.16	4
22.17	4
22.18	4
22.19	4
22.2	4
22.21	4
22.22	4
22.23	4
22.24	4
22.25	4
22.26	4
22.27	4
22.28	4
22.29	4
22.3	4
22.31	4
22.32	4
22.33	4
22.34	4
22.35	4
22.36	4
22.37	4
22.38	4
22.39	4
22.4	4
22.41	4
22.42	4
22.43	4
22.44	4
22.45	4
22.46	4
22.47	4
22.48	4
22.49	4
22.5	4
22.51	4
22.52	4
22.53	4
22.54	4
22.55	4
22.56	4
22.57	4
22.58	4
22.59	4
22.6	4
22.61	4
22.62	4
22.63	4
22.64	4
22.65	4
22.66	4
22.67	4
22.68	4
22.69	4
22.7	4
22.71	4
22.72	4
22.73	4
22.74	4
22.75	4
22.76	4
22.77	4
22.78	4
22.79	4
22.8	4
22.81	4
22.82	4
22.83	4
22.84	4
22.85	4
22.86	4
22.87	4
22.88	4
22.89	4
22.9	4
22.91	4
22.92	4
22.93	4
22.94	4
22.95	4
22.96	4
22.97	4
22.98	4
22.99	4
23	4
23.01	4
23.02	4
23.03	4
23.04	4
23.05	4
23.06	4
23.07	4
23.08	4
23.09	4
23.1	4
23.11	4
23.12	4
23.13	4
23.14	4
23.15	4
23.16	4
23.17	4
23.18	4
23.19	4
23.2	4
23.21	4
23.22	4
23.23	4
23.24	4
23.25	4
23.26	4
23.27	4
23.28	4
23.29	4
23.3	4
23.31	4
23.32	4
23.33	4
23.34	4
23.35	4
23.36	4
23.37	4
23.38	4
23.39	4
23.4	4
23.41	4
23.42	4
23.43	4
23.44	4
23.45	4
23.46	4
23.47	4
23.48	4
23.49	4
23.5	4
23.51	4
23.52	4
23.53	4
23.54	4
23.55	4
23.56	4
23.57	4
23.58	4
23.59	4
23.6	4
23.61	4
23.62	4
23.63	4
23.64	4
23.65	4
23.66	4
23.67	4
23.68	4
23.69	4
23.7	4
23.71	4
23.72	4
23.73	4
23.74	4
23.75	4
23.76	4
23.77	4
23.78	4
23.79	4
23.8	4
23.81	4
23.82	4
23.83	4
23.84	4
23.85	4
23.86	4
23.87	4
23.88	4
23.89	4
23.9	4
23.91	4
23.92	4
23.93	4
23.94	4
23.95	4
23.96	4
23.97	4
23.98	4
23.99	4
24	4
24.01	4
24.02	4
24.03	4
24.04	4
24.05	4
24.06	4
24.07	4
24.08	4
24.09	4
24.1	4
24.11	4
24.12	4
24.13	4
24.14	4
24.15	4
24.16	4
24.17	4
24.18	4
24.19	4
24.2	4
24.21	4
24.22	4
24.23	4
24.24	4
24.25	4
24.26	4
24.27	4
24.28	4
24.29	4
24.3	4
24.31	4
24.32	4
24.33	4
24.34	4
24.35	4
24.36	4
24.37	4
24.38	4
24.39	4
24.4	4
24.41	4
24.42	4
24.43	4
24.44	4
24.45	4
24.46	4
24.47	4
24.48	4
24.49	4
24.5	4
24.51	4
24.52	4
24.53	4
24.54	4
24.55	4
24.56	4
24.57	4
24.58	4
24.59	4
24.6	4
24.61	4
24.62	4
24.63	4
24.64	4
24.65	4
24.66	4
24.67	4
24.68	4
24.69	4
24.7	4
24.71	4
24.72	4
24.73	4
24.74	4
24.75	4
24.76	4
24.77	4
24.78	4
24.79	4
24.8	4
24.81	4
24.82	4
24.83	4
24.84	4
24.85	4
24.86	4
24.87	4
24.88	4
24.89	4
24.9	4
24.91	4
24.92	4
24.93	4
24.94	4
24.95	4
24.96	4
24.97	4
24.98	4
24.99	4
25	4
25.01	4
25.02	4
25.03	4
25.04	4
25.05	4
25.06	4
25.07	4
25.08	4
25.09	4
25.1	4
25.11	4
25.12	4
25.13	4
25.14	4
25.15	4
25.16	4
25.17	4
25.18	4
25.19	4
25.2	4
25.21	4
25.22	4
25.23	4
25.24	4
25.25	4
25.26	4
25.27	4
25.28	4
25.29	4
25.3	4
25.31	4
25.32	4
25.33	4
25.34	4
25.35	4
25.36	4
25.37	4
25.38	4
25.39	4
25.4	4
25.41	4
25.42	4
25.43	4
25.44	4
25.45	4
25.46	4
25.47	4
25.48	4
25.49	4
25.5	4
25.51	4
25.52	4
25.53	4
25.54	4
25.55	4
25.56	4
25.57	4
25.58	4
25.59	4
25.6	4
25.61	4
25.62	4
25.63	4
25.64	4
25.65	4
25.66	4
25.67	4
25.68	4
25.69	4
25.7	4
25.71	4
25.72	4
25.73	4
25.74	4
25.75	4
25.76	4
25.77	4
25.78	4
25.79	4
25.8	4
25.81	4
25.82	4
25.83	4
25.84	4
25.85	4
25.86	4
25.87	4
25.88	4
25.89	4
25.9	4
25.91	4
25.92	4
25.93	4
25.94	4
25.95	4
25.96	4
25.97	4
25.98	4
25.99	4
26	4
26.01	4
26.02	4
26.03	4
26.04	4
26.05	4
26.06	4
26.07	4
26.08	4
26.09	4
26.1	4
26.11	4
26.12	4
26.13	4
26.14	4
26.15	4
26.16	4
26.17	4
26.18	4
26.19	4
26.2	4
26.21	4
26.22	4
26.23	4
26.24	4
26.25	4
26.26	4
26.27	4
26.28	4
26.29	4
26.3	4
26.31	4
26.32	4
26.33	4
26.34	4
26.35	4
26.36	4
26.37	4
26.38	4
26.39	4
26.4	4
26.41	4
26.42	4
26.43	4
26.44	4
26.45	4
26.46	4
26.47	4
26.48	4
26.49	4
26.5	4
26.51	4
26.52	4
26.53	4
26.54	4
26.55	4
26.56	4
26.57	4
26.58	4
26.59	4
26.6	4
26.61	4
26.62	4
26.63	4
26.64	4
26.65	4
26.66	4
26.67	4
26.68	4
26.69	4
26.7	4
26.71	4
26.72	4
26.73	4
26.74	4
26.75	4
26.76	4
26.77	4
26.78	4
26.79	4
26.8	4
26.81	4
26.82	4
26.83	4
26.84	4
26.85	4
26.86	4
26.87	4
26.88	4
26.89	4
26.9	4
26.91	4
26.92	4
26.93	4
26.94	4
26.95	4
26.96	4
26.97	4
26.98	4
26.99	4
27	4
27.01	4
27.02	4
27.03	4
27.04	4
27.05	4
27.06	4
27.07	4
27.08	4
27.09	4
27.1	4
27.11	4
27.12	4
27.13	4
27.14	4
27.15	4
27.16	4
27.17	4
27.18	4
27.19	4
27.2	4
27.21	4
27.22	4
27.23	4
27.24	4
27.25	4
27.26	4
27.27	4
27.28	4
27.29	4
27.3	4
27.31	4
27.32	4
27.33	4
27.34	4
27.35	4
27.36	4
27.37	4
27.38	4
27.39	4
27.4	4
27.41	4
27.42	4
27.43	4
27.44	4
27.45	4
27.46	4
27.47	4
27.48	4
27.49	4
27.5	4
27.51	4
27.52	4
27.53	4
27.54	4
27.55	4
27.56	4
27.57	4
27.58	4
27.59	4
27.6	4
27.61	4
27.62	4
27.63	4
27.64	4
27.65	4
27.66	4
27.67	4
27.68	4
27.69	4
27.7	4
27.71	4
27.72	4
27.73	4
27.74	4
27.75	4
27.76	4
27.77	4
27.78	4
27.79	4
27.8	4
27.81	4
27.82	4
27.83	4
27.84	4
27.85	4
27.86	4
27.87	4
27.88	4
27.89	4
27.9	4
27.91	4
27.92	4
27.93	4
27.94	4
27.95	4
27.96	4
27.97	4
27.98	4
27.99	4
28	4
28.01	4
28.02	4
28.03	4
28.04	4
28.05	4
28.06	4
28.07	4
28.08	4
28.09	4
28.1	4
28.11	4
28.12	4
28.13	4
28.14	4
28.15	4
28.16	4
28.17	4
28.18	4
28.19	4
28.2	4
28.21	4
28.22	4
28.23	4
28.24	4
28.25	4
28.26	4
28.27	4
28.28	4
28.29	4
28.3	4
28.31	4
28.32	4
28.33	4
28.34	4
28.35	4
28.36	4
28.37	4
28.38	4
28.39	4
28.4	4
28.41	4
28.42	4
28.43	4
28.44	4
28.45	4
28.46	4
28.47	4
28.48	4
28.49	4
28.5	4
28.51	4
28.52	4
28.53	4
28.54	4
28.55	4
28.56	4
28.57	4
28.58	4
28.59	4
28.6	4
28.61	4
28.62	4
28.63	4
28.64	4
28.65	4
28.66	4
28.67	4
28.68	4
28.69	4
28.7	4
28.71	4
28.72	4
28.73	4
28.74	4
28.75	4
28.76	4
28.77	4
28.78	4
28.79	4
28.8	4
28.81	4
28.82	4
28.83	4
28.84	4
28.85	4
28.86	4
28.87	4
28.88	4
28.89	4
28.9	4
28.91	4
28.92	4
28.93	4
28.94	4
28.95	4
28.96	4
28.97	4
28.98	4
28.99	4
29	4
29.01	4
29.02	4
29.03	4
29.04	4
29.05	4
29.06	4
29.07	4
29.08	4
29.09	4
29.1	4
29.11	4
29.12	4
29.13	4
29.14	4
29.15	4
29.16	4
29.17	4
29.18	4
29.19	4
29.2	4
29.21	4
29.22	4
29.23	4
29.24	4
29.25	4
29.26	4
29.27	4
29.28	4
29.29	4
29.3	4
29.31	4
29.32	4
29.33	4
29.34	4
29.35	4
29.36	4
29.37	4
29.38	4
29.39	4
29.4	4
29.41	4
29.42	4
29.43	4
29.44	4
29.45	4
29.46	4
29.47	4
29.48	4
29.49	4
29.5	4
29.51	4
29.52	4
29.53	4
29.54	4
29.55	4
29.56	4
29.57	4
29.58	4
29.59	4
29.6	4
29.61	4
29.62	4
29.63	4
29.64	4
29.65	4
29.66	4
29.67	4
29.68	4
29.69	4
29.7	4
29.71	4
29.72	4
29.73	4
29.74	4
29.75	4
29.76	4
29.77	4
29.78	4
29.79	4
29.8	4
29.81	4
29.82	4
29.83	4
29.84	4
29.85	4
29.86	4
29.87	4
29.88	4
29.89	4
29.9	4
29.91	4
29.92	4
29.93	4
29.94	4
29.95	4
29.96	4
29.97	4
29.98	4
29.99	4
30	4
