137.4652
137.465197499568
137.465194998939
137.465192498153
137.46517342008
137.465154331807
137.465135234378
137.465116128155
137.465080579152
137.465045000113
137.465009391374
137.464973753218
137.464960813975
137.464947871084
137.46493492446
137.464921974068
137.464909019923
137.4648407262
137.464772333909
137.464720333909
137.464668282948
137.464616184172
137.464599668658
137.46458314881
137.464566624751
137.464550096602
137.464533564493
137.46447877235
137.464423943324
137.4643690829
137.464357696954
137.464346309969
137.464334922
137.464323533102
137.464312143331
137.464236504381
137.464160847665
137.464115266561
137.464069690457
137.464024124037
137.463994064645
137.463964013003
137.46393397058
137.463903938871
137.463872989338
137.463842054527
137.46381113618
137.463780236073
137.463752139696
137.463724061296
137.463696002277
137.46366796406
137.463639948088
137.463631622575
137.463623299196
137.46361497799
137.463606658997
137.463598342254
137.463511551884
137.463425057643
137.463392047388
137.463359090017
137.463326188237
137.463293344757
137.463273233351
137.463253145528
137.463233081925
137.463213043178
137.463193029926
137.463155238235
137.463117544435
137.463079952877
137.463042467919
137.463038192583
137.463033918701
137.463029646281
137.463025375329
137.463021105851
137.462978493582
137.462936035859
137.462922227858
137.462908437194
137.462894664092
137.462880908772
137.462867171456
137.462807475049
137.462748143548
137.462694063228
137.46264031861
137.46258211794
137.46252434924
137.462471759977
137.462419560317
137.462363103878
137.462307139729
137.462256256657
137.462205810202
137.462151316576
137.462097366073
137.462048372085
137.461999852757
137.461947500851
137.461895731213
137.461848768997
137.461802308931
137.461752230448
137.461702760154
137.461657926512
137.461613610976
137.461565885577
137.461518780278
137.461476123035
137.461433987975
137.46138864133
137.461343912652
137.46130343021
137.461263462422
137.461220467083
137.461178074186
137.461139717551
137.461101857244
137.461061136025
137.461020989573
137.46098466647
137.460948811813
137.460910243204
137.460872211211
137.460837791792
137.460803804925
137.460767229951
137.460731144913
137.46069846851
137.460666182457
137.460631412362
137.460597079068
137.460565961427
137.460535187372
137.460502011575
137.460469215037
137.460439455551
137.460409990012
137.460378183823
137.460346696875
137.460318085422
137.460289716944
137.460259048688
137.460228638902
137.460200961998
137.460173477108
137.460143714392
137.460114150094
137.460087196179
137.460060384462
137.460031299438
137.460002354704
137.459975918492
137.459949576698
137.459920950294
137.45989240891
137.45986629478
137.459840230003
137.459811855138
137.459783513559
137.45975753806
137.459731570038
137.459703253904
137.459674923317
137.45964891686
137.459622879497
137.459594445027
137.459565952622
137.459539760495
137.459513502716
137.459484789362
137.459455978956
137.459429461753
137.459402847827
137.459373711775
137.459344443897
137.4593174775
137.459290386924
137.459260700875
137.459230852454
137.459203327669
137.459175654732
137.459145307353
137.459114771097
137.459086593026
137.459058246138
137.459027141278
137.458995824848
137.458966912096
137.458937812958
137.458905868713
137.458873693754
137.458843977516
137.458814060194
137.45878120788
137.458748108979
137.458717532074
137.458686742023
137.458652925103
137.458618848715
137.458587364601
137.458555657675
137.458520830686
137.45848573406
137.458453305854
137.458420647338
137.458384774835
137.458348624974
137.46093379296
137.460925511404
137.460916313319
137.460906941541
137.460898199905
137.460889310618
137.46087944486
137.460869404735
137.460860050522
137.46085054913
137.460840016882
137.460829311315
137.460819348061
137.460809238855
137.460798045627
137.460786680926
137.460776115052
137.460765405071
137.460753559227
137.46074154442
137.460730384731
137.460719083292
137.460706595561
137.460693941925
137.460682199188
137.460670317479
137.460657200524
137.460643921165
137.460631607743
137.460619158465
137.460605426503
137.460591535996
137.460578665526
137.460565662581
137.460551331062
137.460536845133
137.46052343224
137.460509890463
137.460494975781
137.460479911033
137.460465971096
137.460451906017
137.460436425263
137.46042079894
137.460406347876
137.460391775518
137.460375746272
137.460359576053
137.460344630137
137.460329566844
137.460313006985
137.460296310808
137.460280886519
137.460265348801
137.460248276356
137.460231072268
137.460215186155
137.460199190565
137.460181623572
137.460163929599
137.460147694162
137.460131485663
137.460113846579
137.460096242389
137.460080125667
137.460064033847
137.460046512522
137.460029015661
137.460012988512
137.45999697757
137.459979534431
137.459962105806
137.459946132923
137.459930168114
137.459912765949
137.459895369016
137.459879417459
137.45986346641
137.459846070588
137.459828671385
137.459812710573
137.459796743263
137.459779321708
137.459761888814
137.459745890489
137.459729879209
137.45971240235
137.459694906833
137.459678845004
137.459662764294
137.459645204995
137.459627620338
137.45961147121
137.45959529779
137.459577631266
137.459559933281
137.459543675175
137.459527387859
137.459509591583
137.459491758313
137.459475371572
137.459458951175
137.459441004775
137.459423016392
137.459406483288
137.459389912528
137.459371797681
137.459353636373
137.459336941005
137.459320204403
137.459301904719
137.459283554585
137.459266682774
137.459249766552
137.459231267467
137.459212714398
137.459195653586
137.45917854556
137.45915983422
137.459141065789
137.459123804938
137.459106494417
137.459087559568
137.459068564921
137.459051094408
137.459033572094
137.459014403973
137.458995173717
137.458977485237
137.458959743129
137.458940333358
137.458920859459
137.458902945928
137.458884977223
137.458865318705
137.458845655536
137.458827625452
137.458809597857
137.458789940693
137.458770283942
137.458752256047
137.458734225744
137.458714559832
137.458694888519
137.458676842472
137.45865878931
137.458639093138
137.45861938624
137.458601303175
137.458583208695
137.458563462601
137.458543700926
137.458525563626
137.458507410992
137.458487597058
137.458467763121
137.458449555916
137.458431329811
137.458411431744
137.458391509659
137.458373218314
137.458354904838
137.458334907859
137.458314883226
137.458296494847
137.458278081414
137.458257972153
137.458237831952
137.458219334892
137.458200810138
137.458180576531
137.458160309024
137.458141692785
137.45812304648
137.458102677674
137.458082272308
137.458063527462
137.458044750421
137.458024236682
137.458003684002
137.457984802107
137.457965886115
137.457945218741
137.457924510302
137.457905483827
137.45788642156
137.457865592805
137.457844721096
137.457825543347
137.457806328303
137.457785331296
137.457764289666
137.457744954722
137.457725581157
137.457704409835
137.45768319242
137.457663695068
137.457644157933
137.457622806975
137.457601418242
137.457581787714
137.457562143048
137.457540703256
137.457519243674
137.457499544977
137.457479826119
137.457458298097
137.457436742883
137.457416950401
137.457397131793
137.4573754883
137.457353810911
137.457333900893
137.45731395937
137.457292175824
137.45727035235
137.457250303431
137.457230218181
137.457208272522
137.457186281541
137.457166074601
137.457145827024
137.45712369957
137.457101521992
137.457081140019
137.45706071359
137.45703838688
137.4570160058
137.456995433753
137.456974813884
137.456952272531
137.456929673081
137.456908897752
137.45688807166
137.456865302207
137.456842471413
137.456821481303
137.456800437877
137.456777428659
137.4567543553
137.456733140486
137.456711870167
137.456688611174
137.456665285651
137.456643837669
137.456622332327
137.456598815074
137.456575229283
137.456553541011
137.456531793834
137.456508011241
137.456484158448
137.456462224
137.45644022938
137.456416175654
137.456392050386
137.456369865002
137.456347618438
137.456323288964
137.456298886897
137.45627644685
137.456253944851
137.456229336086
137.456204653944
137.456181956446
137.456159196436
137.456134305817
137.456109341276
137.456086384392
137.456063364632
137.456038190478
137.456012942077
137.455989724645
137.455966444149
137.455940985583
137.455915452641
137.455891974198
137.455868432659
137.455842689526
137.455816872064
137.455793132773
137.455769330498
137.45574330329
137.455717201962
137.455693202551
137.455669085209
137.455642644585
137.455616059471
137.455591560519
137.45556694482
137.455539972627
137.45551286917
137.455487905754
137.455462836407
137.455435381728
137.45540780793
137.455382423007
137.455356941897
137.455329049188
137.455301048298
137.455275280551
137.455249425392
137.455221134695
137.455192745675
137.455166629958
137.455140434742
137.45511178215
137.455083040125
137.455056607866
137.455030103246
137.455001121313
137.454972057968
137.454945337523
137.454918551161
137.454889269266
137.454859913204
137.454832930171
137.454805887039
137.454776331713
137.454746708761
137.454719486259
137.454692208916
137.454662404125
137.45463253762
137.454605096541
137.454577605372
137.454547572775
137.45451748381
137.454489843037
137.454462156472
137.454431915651
137.454401623298
137.454373799907
137.454345934612
137.454315503279
137.454285024787
137.454257034226
137.454229005276
137.454198399455
137.454167750432
137.454139606677
137.454111428409
137.454080666457
137.454049867953
137.454021592155
137.453993285811
137.453962385879
137.453931450673
137.453903050497
137.453874620765
137.453843587435
137.453812519963
137.453783999406
137.453755450221
137.453724287714
137.453693092127
137.453664454941
137.453635789999
137.453604502283
137.453573182487
137.453544432201
137.45351565498
137.453484245791
137.453452805464
137.453423945405
137.453395059187
137.453363532047
137.45333197466
137.45330300797
137.453274015851
137.453242374092
137.453210702926
137.453181632575
137.453152537489
137.453120784263
137.453089002428
137.453059831232
137.453030635957
137.452998774257
137.452966884704
137.452937615336
137.452908322516
137.452876355183
137.45284436072
137.452814995726
137.452785607874
137.452753537619
137.452721440921
137.452691982727
137.452662502244
137.452630331653
137.452598135275
137.4525685862
137.452539015382
137.452506746929
137.452474453317
137.452444815584
137.452415156627
137.452382792684
137.452350404187
137.456317710293
137.456306420527
137.45629409068
137.456281740111
137.456270395794
137.456259033955
137.456246625019
137.456234195657
137.456222779424
137.456211346034
137.456198859506
137.456186352977
137.456174866326
137.456163362869
137.456150800351
137.456138218238
137.456126662606
137.456115090505
137.456102453531
137.456089797354
137.45607817412
137.45606653474
137.456053824785
137.456041096003
137.456029406493
137.456017701149
137.456004919632
137.455992119648
137.455980365139
137.455968595096
137.455955743384
137.455942873555
137.455931055279
137.455919221759
137.455906301172
137.45589333367
137.455881399215
137.455869423067
137.455856318045
137.455843166606
137.455831067654
137.455818931746
137.455805657919
137.455792343092
137.455780098672
137.455767821617
137.455754398705
137.455740939619
137.455728566796
137.455716165187
137.455702610757
137.455689024454
137.455676538431
137.455664027053
137.455650356759
137.455636658424
137.455624072752
137.455611464782
137.455597692576
137.455583895748
137.455571222505
137.455558529692
137.455544668017
137.455530784767
137.455518034728
137.455505267551
137.455491327505
137.455477368602
137.455464551377
137.455451719185
137.455437710668
137.455423685721
137.455410809886
137.455397921021
137.45538385287
137.455369770455
137.455356843664
137.455343905573
137.455329785675
137.455315653446
137.455302682533
137.455289701863
137.455275537261
137.455261362054
137.455248353121
137.455235335808
137.45522113279
137.45520692071
137.455193879204
137.455180830552
137.455166594734
137.455152351232
137.455139282023
137.455126206766
137.455111943167
137.455097673114
137.455084580548
137.455071482919
137.455057196021
137.455042903769
137.455029791732
137.455016675511
137.45500236932
137.454988058758
137.454974930723
137.454961799288
137.454947477383
137.454933151987
137.454920011056
137.454906867428
137.45489253301
137.454878195885
137.454865044833
137.45485189171
137.454837547639
137.454823201562
137.454810042868
137.454796882663
137.454782531496
137.454768178951
137.454755014831
137.454741849703
137.454727493725
137.454713136931
137.454699969367
137.454686801244
137.4546724425
137.454658083441
137.454644914206
137.454631744813
137.45461738513
137.454603025582
137.454589856261
137.45457668714
137.454562328153
137.454547969703
137.454534801712
137.454521634242
137.454507277414
137.45449292148
137.454479755871
137.454466581385
137.454452204578
137.454437815781
137.454424609655
137.454411393681
137.454396972278
137.45438253976
137.454369294275
137.454356039678
137.454341576992
137.45432710402
137.454313822106
137.454300531749
137.45428603082
137.454271520357
137.454258204667
137.454244881138
137.454230344719
137.454215799446
137.454202452383
137.454189098028
137.454174528613
137.454159950962
137.454146574705
137.454133191654
137.454118591508
137.454103983687
137.454090580215
137.4540771704
137.454062541582
137.454047905599
137.454034476713
137.454021041896
137.45400638628
137.453991723965
137.453978271306
137.453964813092
137.453950132389
137.453935445411
137.453921970479
137.453908490335
137.453893786109
137.453879075996
137.453865580162
137.453851770051
137.453836308706
137.453820433534
137.453805541048
137.453790319267
137.453773358968
137.453756032794
137.453739848989
137.453723374951
137.453705092556
137.453686487615
137.4573590327
137.457352310442
137.457344787715
137.457337068617
137.457329831033
137.457322437348
137.457314203318
137.457305795755
137.457297945352
137.457289957235
137.45728109546
137.457272080566
137.457263689545
137.457255176995
137.457245761352
137.457236210565
137.45722734248
137.457218367127
137.457208462683
137.457198438941
137.457189149805
137.45717976598
137.457169430117
137.457158988943
137.457149328184
137.457139583847
137.457128867227
137.457118057658
137.45710806894
137.457098006468
137.457086953871
137.457075819257
137.457065541193
137.457055198067
137.457043849106
137.457032427806
137.45702189457
137.457011303968
137.456999693717
137.456988019701
137.456977261559
137.456966452874
137.456954612409
137.456942715778
137.456931759559
137.456920758845
137.456908715717
137.456896623165
137.456885492659
137.456874323027
137.456862101677
137.456849836885
137.456838553204
137.45682723516
137.45681485728
137.456802441269
137.456791023155
137.456779574907
137.456767059756
137.456754511193
137.456742975288
137.456731413007
137.456718777695
137.45670611316
137.45669447425
137.456682812305
137.45667007203
137.456657306259
137.456645577485
137.456633828642
137.456620996917
137.456608143005
137.456596336045
137.456584511657
137.456571600489
137.45655867008
137.456546795319
137.456534905476
137.456521925546
137.456508928992
137.456496995663
137.456485049339
137.456472010142
137.45645895665
137.456446972966
137.456434978141
137.456421888123
137.456408785881
137.456396759144
137.456384722918
137.45637158959
137.45635844588
137.456346382587
137.456334311272
137.456321141316
137.456307962616
137.456295868544
137.456283767757
137.456270567115
137.456257359187
137.456245239474
137.456233114208
137.456219888166
137.456206656133
137.45619451535
137.456182370047
137.456169123304
137.456155871722
137.456143713934
137.456131552543
137.456118289278
137.456105022199
137.456092851018
137.45608067705
137.456067400979
137.456054122004
137.45604194064
137.456029757217
137.45601647164
137.456003183969
137.455990995278
137.455978805171
137.455965513022
137.455952219498
137.455940026014
137.455927831687
137.455914535571
137.455901238718
137.455889042692
137.455876846331
137.455863548561
137.45585025062
137.455838054048
137.455825857593
137.45581256022
137.455799263179
137.455787067833
137.455774873004
137.455761577847
137.455748283467
137.455736090918
137.455723899238
137.455710607909
137.455697317749
137.455685129387
137.455672942207
137.45565965613
137.455646371573
137.455634187103
137.455622001556
137.455608714615
137.455595426577
137.455583238377
137.455571049664
137.455557760104
137.455544470314
137.455532281207
137.455520092286
137.455506803275
137.455493514817
137.455481327561
137.455469141117
137.455455855505
137.455442571147
137.455430388219
137.455418206665
137.45540492701
137.455391649241
137.455379472863
137.455367298364
137.455354026964
137.455340758015
137.455328590184
137.455316424686
137.455303163602
137.455289905479
137.455277747987
137.455265593234
137.45525234432
137.455239098822
137.455226953277
137.455214810838
137.455201575755
137.455188344499
137.455176212346
137.455164083627
137.455150863867
137.455137648303
137.455125530839
137.455113417103
137.455100214007
137.455087015437
137.455074913826
137.455062816207
137.455049630977
137.45503645057
137.455024365855
137.455012285371
137.454999119087
137.454985957892
137.454973891012
137.454961828576
137.454948682206
137.454935541163
137.45492349296
137.454911449391
137.454898323804
137.45488520376
137.454873174987
137.454861151022
137.454848046998
137.454834948708
137.454822940045
137.454810936341
137.45479785458
137.454784778726
137.454772790778
137.454760807928
137.454747749056
137.454734696247
137.45472272956
137.454710768095
137.454697732675
137.454684703457
137.454672758519
137.454660818914
137.454647807451
137.454634802314
137.454622879563
137.454610962244
137.454597974362
137.454584979128
137.454573052633
137.454561118484
137.454548098338
137.454535069572
137.454523112922
137.454511149474
137.454498098378
137.454485039668
137.454473056356
137.454461067045
137.454447988635
137.454434903498
137.454422896655
137.454410884518
137.454397781998
137.454384673532
137.454372645915
137.454360613622
137.454347489811
137.45433436074
137.45432231477
137.454310264668
137.454297122041
137.454283974755
137.454271912557
137.454259846703
137.454246687427
137.454233524019
137.454221447452
137.454209367645
137.454196193615
137.454183015912
137.454170926599
137.454158834407
137.454145647274
137.454132456868
137.454120356218
137.454108253005
137.454095054202
137.454081852471
137.454069741707
137.454057628652
137.454044419416
137.454031207551
137.454019087726
137.454006965844
137.45399374724
137.453980526262
137.453968398279
137.453956268437
137.453943041375
137.453929812154
137.45391767678
137.453905539716
137.453892304963
137.453879068236
137.453866926117
137.45385478245
137.453841540651
137.45382829703
137.453816148706
137.453803998949
137.453790750638
137.453777500629
137.453765346539
137.453753191112
137.453739936721
137.453726680731
137.453714521231
137.453702360468
137.453689100339
137.453675838689
137.453663674053
137.453651508212
137.453638242607
137.453624975539
137.453612805973
137.453600635244
137.453587364351
137.453574092034
137.453561917681
137.45354974219
137.453536466133
137.453523188674
137.453511009618
137.453498829438
137.453485548279
137.453472265728
137.453460082002
137.453447897154
137.453434610904
137.453421323258
137.453409134848
137.453396945308
137.453383653929
137.453370361138
137.453358167988
137.45334597369
137.4533326771
137.45331937907
137.453307181087
137.453294981928
137.453281680005
137.453268376604
137.453256173658
137.453243969502
137.453230662087
137.453217353147
137.453205145079
137.453192935756
137.453179622658
137.45316630798
137.453154094598
137.453141879913
137.45312856091
137.453115240265
137.453103021353
137.453090801083
137.453077475925
137.453064149057
137.453051924374
137.453039698272
137.453026366684
137.45301303331
137.453000802593
137.452988570391
137.452975232074
137.452961891891
137.452949654855
137.452937416263
137.452924070898
137.452910723579
137.452898479921
137.452886234632
137.452872881877
137.452859527076
137.452847276474
137.452835024162
137.452821663658
137.45280830101
137.452796043127
137.452783783451
137.452770414819
137.452757043944
137.452744778426
137.452732511027
137.452719133875
137.452705754374
137.452693480852
137.452681205359
137.452667819277
137.452654430737
137.452642148828
137.452629864855
137.452616469419
137.452603071412
137.452590780721
137.452578487869
137.452565082641
137.452551674725
137.452539374844
137.452527072702
137.45251365723
137.45250023895
137.452487929458
137.452475617604
137.452462191423
137.452448762311
137.452436442778
137.452424120776
137.45241068341
137.452397242987
137.452384912969
137.452372580375
137.452359131335
137.452345679108
137.452333338152
137.452320994508
137.452307533295
137.452294068762
137.452281716403
137.452269361245
137.452255887345
137.452242409992
137.452230045756
137.452217678606
137.4522041915
137.4521907008
137.452178324204
137.452165944576
137.452152443729
137.452138939148
137.452126549697
137.452114157094
137.452100641963
137.452087122954
137.452074720146
137.452062314063
137.452048784093
137.4520352501
137.452022833421
137.452010413343
137.451996867971
137.451983318426
137.451970887353
137.451958452756
137.451944891407
137.451931325733
137.451918879737
137.451906430086
137.451892852176
137.451879269786
137.451866808324
137.451854343077
137.45184074801
137.451827148308
137.451814670831
137.451802189435
137.451788576607
137.451774958984
137.451762464932
137.451749966827
137.451736335623
137.451722699463
137.451710188268
137.451697672881
137.451684022677
137.451670367351
137.451657838435
137.451645305188
137.451631635349
137.45161796022
137.451605412996
137.451592861298
137.451579171178
137.451565475599
137.45155290947
137.451540338723
137.451526627668
137.451512910979
137.451500321563
137.451487698431
137.451473892944
137.451460043407
137.451447304405
137.451434529371
137.451420560278
137.451406549786
137.451393665362
137.451380749555
137.451366639158
137.45135250042
137.451339509028
137.451326494213
137.451312277666
137.451298033596
137.451284946099
137.451271835659
137.451257515366
137.451243168047
137.451229986223
137.451216781826
137.451202359483
137.451187910491
137.451174635688
137.451161338583
137.451146815446
137.451132265927
137.451118899106
137.451105510169
137.451090887092
137.451076237802
137.451062779577
137.451049299341
137.451034576817
137.45101982816
137.451006278827
137.450992707517
137.450977885711
137.450963037768
137.450949397336
137.450935734893
137.450920813668
137.450905866228
137.450892134442
137.450878380551
137.450863359494
137.450848312076
137.450834488439
137.450820642548
137.450805520995
137.450790372871
137.450776456663
137.450762518001
137.450747295053
137.450732045266
137.450718035561
137.450704003154
137.450688677696
137.450673325077
137.450659220758
137.450645093444
137.45062966416
137.45061420734
137.450600007111
137.450585783552
137.450570248935
137.450554686362
137.450540388757
137.45052606745
137.450510425816
137.45049475576
137.450480359157
137.45046593844
137.450450187938
137.450434408504
137.450419911129
137.450405389194
137.45038952781
137.450373636945
137.450359036879
137.450344411774
137.450328437342
137.45031243284
137.450297728027
137.450282997664
137.45026690787
137.450250787379
137.450235975631
137.450221137788
137.450204930175
137.4501886912
137.450173770198
137.450158822526
137.450142494497
137.450126134405
137.450111101703
137.450096041727
137.450079590549
137.450063106572
137.450047959601
137.450032784722
137.450016207526
137.449999596762
137.449984332829
137.449969040326
137.449952334112
137.449935593524
137.449920209818
137.449904796847
137.449887958482
137.449871084904
137.449855578488
137.449840042086
137.449823068306
137.449806058438
137.449790426257
137.449774763339
137.449757650746
137.449740501157
137.449724740033
137.449708947393
137.449691692456
137.44967439958
137.449658506213
137.44964258052
137.449625179575
137.449607739711
137.449591710677
137.449575648477
137.449558097722
137.449540507033
137.449524338781
137.449508136492
137.449490431988
137.449472686497
137.449456375347
137.449440029259
137.449422166923
137.449404262511
137.449387804653
137.449371310923
137.449353286529
137.449335218932
137.449318610422
137.449301965073
137.449283774247
137.449265539049
137.449248775805
137.449231974721
137.449213612936
137.449195205572
137.449178283369
137.449161322292
137.449142784865
137.44912420061
137.449107115079
137.449089989603
137.44907127169
137.449052505657
137.449035252278
137.449017957848
137.448999054438
137.448980101572
137.44896267567
137.448945207572
137.448926113484
137.448906968557
137.448889365297
137.448871718657
137.448852428529
137.448833086134
137.448815300515
137.448797470291
137.44877797858
137.448758433122
137.448740459971
137.448722440948
137.448702741918
137.448682987612
137.448664821577
137.448646608359
137.448626696076
137.448606726935
137.448588362479
137.448569949484
137.448549817809
137.448529627638
137.448511059031
137.448492440483
137.448472083062
137.44845166545
137.448432886763
137.448414056682
137.448393466939
137.44837281525
137.448353820344
137.44833477254
137.448313943667
137.448293051031
137.448273833551
137.448254561614
137.448233486561
137.448212345864
137.448192899227
137.448173396521
137.448152067985
137.448130671857
137.448110989245
137.448091248892
137.448069659309
137.448048000115
137.448028074463
137.44800808934
137.447986230871
137.447964300697
137.447944124684
137.447923887404
137.447901751922
137.447879542567
137.447859108601
137.447838611507
137.447816190588
137.447793693544
137.447772993754
137.447752228906
137.447729513809
137.447706720256
137.447685746475
137.447664705634
137.447641687294
137.447618588075
137.447597331831
137.447576006448
137.447552675454
137.447529261068
137.447507713564
137.447486094764
137.447462441348
137.447438701929
137.447416854032
137.447394932598
137.447370970615
137.447347054187
137.447325167519
137.447303332038
137.447279582542
137.447255890672
137.447234269713
137.447212767185
137.447189456947
137.447166279708
137.447145128036
137.447124081564
137.44710125177
137.447078537796
137.447057797024
137.447037147522
137.447014734882
137.446992422292
137.446972036834
137.446951729891
137.446929676398
137.446907708511
137.446887627447
137.44686761321
137.446845865705
