1000
999.588832029997
999.17798746479
998.767473048456
995.647424674043
992.546366004414
989.464437918052
986.401666888425
980.757728793197
975.179721024897
969.667428462222
964.220632377579
962.260281632799
960.30852174628
958.365338762152
956.43072040292
954.504656116222
944.500307484674
934.731514593683
927.469504073824
920.341828201705
913.347837477437
911.159764700848
908.985025003041
906.823597764507
904.675462365479
902.540598186392
895.56301633622
888.730094535937
882.04108210311
880.671191747601
879.307457409083
877.949872360799
876.598429875121
875.253123218961
866.47620587327
857.967490599089
852.969931110679
848.068561758895
843.262944196971
840.14417741824
837.066782781213
834.030632966237
831.035600260143
827.990666416154
824.989160387327
822.030940707643
819.115865365248
816.501015756549
813.92165456555
811.377673587294
808.868964203664
806.395417368529
805.666720722161
804.941120081084
804.218612557206
803.49919526064
802.78286529645
795.479135311074
788.509084899994
785.929462078426
783.398015013589
780.914551101012
778.478877049828
777.008745117823
775.556467911384
774.12200018681
772.705296562416
771.306311501156
768.707836529223
766.172308645468
763.699414750904
761.288839541478
761.017405428372
760.74678000577
760.476962805147
760.207953356462
759.93975118503
757.302024292665
754.744498220251
753.927924280229
753.119807268725
752.320130330028
751.528876590244
750.746029125523
747.429660479964
744.271443083695
741.512669895797
738.88460755815
736.166799003186
733.601556913125
731.381673623508
729.287702889445
727.146702352919
725.152445569732
723.451075243601
721.870620058077
720.283766605463
718.837598936239
717.633536480238
716.545196522412
715.488936503825
714.567076924837
713.838313988125
713.219894780629
712.669820360528
712.247647286981
711.971417798796
711.799980906129
711.730890031496
711.783006650627
711.935851363659
712.187783265623
712.573759585586
713.074078688951
713.631927192317
714.283025215711
715.097536113094
716.019382512726
716.957650890688
717.983224310541
719.199234913295
720.515463235815
721.809165286103
723.18414945199
724.77425022219
726.45737561433
728.081245309953
729.780326432228
731.716871701064
733.739210763428
735.66783345488
737.665581510539
739.920836150837
742.254655255139
744.462604975729
746.733612073178
749.279903385871
751.897571433088
754.359551595952
756.878573078997
759.688444923208
762.562587571878
765.253572337819
767.995667915633
771.0420341372
774.14568657519
777.041060227597
779.981732490338
783.238026801044
786.544782250085
789.620474035584
792.735801852909
796.176121479596
799.660272806043
802.892884883257
806.159649380455
809.758890033735
813.39556208487
816.762488462106
820.158289518875
823.892269516939
827.657540100667
831.137074727675
834.640436238386
838.48600795187
842.357015717822
845.928448216627
849.51891067758
853.454057824539
857.409095674113
861.05279353767
864.710992874528
868.7149125774
872.733505616063
876.430982059192
880.138713964581
884.191882870447
888.254850304671
891.988817307466
895.729086712807
899.813310861659
903.902811622743
907.657218051322
911.414273697369
915.512722188856
919.612284425278
923.372339438187
927.131693825891
931.228916672961
935.323451582162
939.075633824655
942.824069113685
946.90599997336
950.981800735182
954.713854081162
958.439414751534
962.493359482562
966.538086304196
970.239003122154
973.930976420688
977.945588630768
981.94824111353
985.608234205553
989.257119560894
993.222364470656
997.173242660651
1000.78370715155
1004.38117585887
1008.2882839257
1012.17893951387
1015.73240605156
1019.26641969488
1023.10245272138
1026.92010720833
1030.40584963605
1033.8754100424
1037.63947122653
1041.38363165937
1044.80079459311
1048.20063095765
1051.88744098305
1055.55312777757
1058.89736874616
1062.22335724973
1065.82866609405
1069.41187771716
1072.67973059357
1075.92860679493
1079.4490820582
1082.9467150822
1086.13552067269
1089.30481047358
1092.73796201299
1096.14773557119
1099.25557228912
1102.34352256547
1105.68762693959
1109.00800725468
1112.03362208396
1115.03913182863
1118.29315754373
1121.52328350425
1124.46602411944
1127.38857693468
1130.55211137241
1133.69172200166
1136.55147078914
1139.39106944367
1142.4642482151
1145.51361274272
1148.29072334497
1151.04782698864
1154.03126632753
1156.99111744293
1159.68635432858
1162.36181883949
1165.25655152078
1168.12802226222
1170.74250371173
1173.33752553928
1176.14494068931
1178.92950530535
1181.46465009649
1183.98071386044
1186.70250091549
1189.40191992808
1191.85939790932
1194.29822792117
1196.93632489132
1199.55259449306
1201.95730445931
1204.37583144195
1207.02993725787
1209.70124923148
1212.16535436541
1214.64313120316
1217.36000570741
1220.0920070846
1222.61001136423
1225.13994590422
1227.91169903855
1230.69657706209
1233.26141153281
1235.83653497355
1238.65568564904
1241.48607735889
1244.09108899072
1246.70484685147
1249.5643628183
1252.4333510444
1255.07229297399
1257.7185342918
1260.61182008686
1263.51292124966
1266.17994148353
1268.85290741139
1271.77379180536
1274.70094323914
1277.39057292376
1280.08488489718
1283.02760787469
1285.97515468764
1288.68229595932
1291.39294344785
1294.35214274213
1297.31482423869
1300.03473767981
1302.75706555255
1305.72776276993
1308.70069847367
1311.4289902128
1314.15868575832
1317.13627213868
1320.1149474646
1322.84755596737
1325.5806356162
1328.56085748444
1331.54110911743
1334.27429172139
1337.00708752635
1339.98603149585
1342.96403253784
1345.69435178984
1348.42349772311
1351.39757571685
1354.36982066903
1357.09413052638
1359.81654865546
1362.78248281254
1365.74577246095
1368.46120441928
1371.1740910247
1374.12889856124
1377.08032483443
1379.78427404516
1382.48508574287
1385.42606383515
1388.36299470188
1391.05310614104
1393.73954607071
1396.66425682712
1399.58432129963
1402.25847604776
1404.9284801861
1407.83473577128
1410.74951525733
1413.43150571981
1416.12227355955
1419.06594616126
1422.01948914764
1424.73639804069
1427.46117926153
1430.44086418805
1433.42933201277
1436.17737788815
1438.93241350022
1441.94408968109
1444.96354645462
1447.73919067785
1450.52101240484
1453.56097799449
1456.60780208046
1459.40778919159
1462.21320681207
1465.27805730067
1468.34891852898
1471.17025553827
1473.99633652224
1477.08294294652
1480.17478124287
1483.01471837655
1485.85876897138
1488.96425767722
1492.07426321242
1494.93027602536
1497.78982368237
1500.91155751971
1504.03715226154
1506.90692501229
1509.77970205184
1512.91526289324
1516.05408345542
1518.93549364896
1521.81942207185
1524.96659455677
1528.11647624938
1531.00758026194
1533.90075762344
1537.05751403925
1540.21647603387
1543.11549574213
1546.01618201261
1549.18066823119
1552.34689976167
1555.25221010528
1558.15881544794
1561.329337844
1564.50118537053
1567.41130278298
1570.32237618509
1573.49738946827
1576.67334473834
1579.58691638654
1582.50113508573
1585.67923098403
1588.85791992923
1591.77371370685
1594.68987335853
1597.8697700955
1601.05198246717
1603.97605936467
1606.90594610647
1610.10688536407
1613.31404374282
1616.26042121391
1619.21142644871
1622.43394235647
1625.66120314404
1628.62480267615
1631.59183170749
1634.8304658771
1638.07248382376
1641.04849946428
1644.02684189581
1647.27656788241
1650.52842681442
1653.51244157976
1656.49777115914
1659.75397567751
1663.01116684884
1665.99913256253
1668.98748704463
1672.24594811161
1675.50434845282
1678.4925658933
1681.48032728294
1684.73719279228
1687.99304360219
1690.97814306461
1693.96201828106
1697.21378504731
1700.46367116301
1703.44259346795
1706.4195954643
1709.66308877198
1712.90391825385
1715.87389623616
1718.841325607
1722.07367930143
1725.30266366898
1728.26120417975
1731.21663128963
1734.43526844415
1737.6499034973
1740.59476994993
1743.53601761302
1746.73863180533
1749.93667906283
1752.86587455152
1755.79100129032
1758.97553851715
1762.15500730053
1765.06675831659
1767.974042224
1771.13868347973
1774.29781366729
1777.1905544347
1780.07847766006
1783.22162220055
1786.35886767173
1789.23122511948
1792.0984589952
1795.21870830388
1798.33272108948
1801.18350047423
1804.02889129528
1807.12503376369
1810.21464891343
1813.04282010151
1815.86537556622
1818.93637189697
1822.00059307064
1824.80527748475
1827.60415380085
1830.64912313616
1833.68710892104
1836.46756715249
1839.24205680861
1842.26026358387
1845.27131453605
1848.02693462011
1850.77645481929
1853.76729633647
1856.75084274052
1859.48112908851
1862.19436563976
1865.13164482476
1868.04748902913
1870.70437183179
1873.34406939087
1876.20304750125
1879.04276655298
1881.63163473914
1884.20510589998
1886.99387361264
1889.76539530933
1892.29335121266
1894.80752588756
1897.53344510758
1900.24393576678
1902.71739281638
1905.17852711707
1907.84824310408
1910.50417070629
1912.92891681896
1915.34265614568
1917.96216489042
1920.56936488542
1922.95062150935
1925.3220582948
1927.89676801019
1930.46050332649
1932.80297926174
1935.13670558775
1937.67149272045
1940.19650840717
1942.50444879727
1944.80460427543
1947.30386445997
1949.79443737896
1952.07166825229
1954.34198354303
1956.80967790163
1959.26966186754
1961.51963058864
1963.76346691424
1966.20316408421
1968.63603082862
1970.86184279919
1973.0822277855
1975.49714203333
1977.9060183459
1980.11047027438
1982.31013043481
1984.70315619281
1987.09085756952
1989.27646760639
1991.45785776043
1993.83160089873
1996.20066200365
1998.36969701878
2000.53515251487
2002.89265894115
2005.24661928312
2007.4026672908
2009.5558006188
2011.90011102319
2014.2410468192
2016.38528048671
2018.5267279879
2020.85844122764
2023.18692543467
2025.3198580813
2027.45012246144
2029.76977499626
2032.08633236038
2034.20843569577
2036.32797920908
2038.63606443308
2040.94117764644
2043.05288563387
2045.16213360138
2047.45910555386
2049.75321887538
2051.85493098316
2053.95427497626
2056.24055173645
2058.52407430964
2060.61615849088
2062.70595924869
2064.98192604627
2067.25523493885
2069.33803036102
2071.41862046246
2073.68463252613
2075.94807551321
2078.02189505717
2080.09358136702
2082.34996653182
2084.60386464313
2086.66899718998
2088.73206309698
2090.97912418966
2093.22377403955
2095.28048656223
2097.33519402591
2099.57321104611
2101.80888696391
2103.8574264394
2105.90401786107
2108.13324997498
2110.36020595192
2112.40080110857
2114.43950104083
2116.66018840255
2118.8786598702
2120.91152278374
2122.94253949177
2125.15490490658
2127.36511036082
2129.39043791151
2131.41511168641
2133.62061031632
2135.82397782608
2137.84305518081
2139.86035265218
2142.05783473631
2144.25323296884
2146.26504271874
2148.2751141989
2150.46476463343
2152.65237885061
2154.65708852753
2156.66009877007
2158.84209399896
2161.02209741403
2163.01986324647
2165.01596587191
2167.19047046915
2169.36302470693
2171.35399252596
2173.34333098596
2175.51049869434
2177.67575480672
2179.66006095694
2181.64276942492
2183.80274410409
2185.96084349507
2187.93861566413
2189.91481984608
2192.06773633578
2194.21881160351
2196.19016957715
2198.15998744969
2200.30597235529
2202.44322193361
2204.39552092824
2206.33991187324
2208.45117737131
2210.5536777245
2212.47497707806
2214.3893708358
2216.4690676104
2218.54114967764
2220.43547929271
2222.32382141683
2224.37613192586
2226.42185416745
2228.29283581108
2230.15864864882
2232.18730310977
2234.21028458507
2236.06114784284
2237.90757233073
2239.91589706497
2241.91936500188
2243.75298982409
2245.58282689139
2247.57378818406
2249.56062054283
2251.37957523476
2253.19532275731
2255.17156599789
2257.14432945083
2258.95090456824
2260.75479033652
2262.71867493469
2264.67965874325
2266.47589732446
2268.26990844596
2270.22353896876
2272.17478519227
2273.96250971454
2275.74841882889
2277.69367276093
2279.63700318704
2281.41783959667
2283.19722824341
2285.13578073061
2287.07282087835
2288.8482200074
2290.62249945174
2292.55584535233
2294.48804586196
2296.25930251289
2298.02973230279
2299.9592058356
2301.88786152716
2303.65613147674
2305.42383597647
2307.35062822608
2309.27689507861
2311.04321022639
2312.80919334553
2314.7343678566
2316.65927813355
2318.42455999617
2320.18971831006
2322.11422497823
2324.03870070059
2325.80377243175
2327.56890686826
2329.49359431321
2331.41845926011
2333.18405635681
2334.94988260576
2336.87550919166
2338.80149958917
2340.56827942757
2342.3354372121
2344.26268086326
2346.1904549045
2347.95900523314
2349.72806656741
2351.65753351074
2353.58767983518
2355.3585263396
2357.13000288363
2359.06223543521
2360.99528068088
2362.76889372129
2364.54324333177
2366.47872683232
2368.41514236249
2370.19194297488
2371.96957553998
2373.90874453219
2375.84895242694
2377.62931766844
2379.41060030502
2381.35384403603
2383.29822242913
2385.0824901394
2386.86775182247
2388.81541914524
2390.76430697823
2392.55278002084
2394.3423157075
2396.29471944705
2398.24842070422
2400.04132188201
2401.83317238318
2403.78531982774
2405.73585148634
2407.52349142094
2409.30983202034
2411.25607771789
2413.20086675254
2414.98337473407
2416.76471800062
2418.70566439881
2420.64530492966
2422.42321246554
2424.20007560219
2426.13627055947
2428.07129421501
2429.84507579685
2431.61792033423
2433.54985269232
2435.48073380962
2437.25081278028
2439.02005048266
2440.94815635672
2442.87531809465
2444.64207210864
2446.40807028895
2448.3327387009
2450.25655851039
2452.02032441905
2453.78341069366
2455.70498861152
2457.62580312866
2459.38688134982
2461.14734789122
2463.06614473605
2464.98425415797
2466.74291258344
2468.50101992304
2470.41731159881
2472.33298359623
2474.08946108535
2475.8454415132
2477.75947400939
2479.6729472241
2481.42745672658
2483.1135917131
2484.86395411269
2486.52372247059
2487.97291071696
2489.34970777583
2490.77079250201
2492.11106664444
2493.27533220415
2494.37526737272
2495.50342259352
2496.55979402361
2497.4709482144
2498.32572481497
2499.19520914911
2500.00103136317
2500.68885630665
2501.32594283807
2501.96449270345
2502.54645122835
2503.03472391107
2503.47797996863
2503.91152614006
2504.29487502714
2504.60613532278
2504.87747265527
2505.1292067318
2505.33643101507
2505.49073119133
2505.60963735649
2505.70018081407
2505.75126954168
2505.76643288202
2505.75022616659
2505.69790186749
2505.61061278835
2505.50247068259
2505.36653155766
2505.18760973755
2504.97770883048
2504.76031515612
2504.51829539296
2504.22721573312
2503.90869327323
2503.5945176471
2503.25852869186
2502.86810023176
2502.45336516057
2502.0534666846
2501.63424891832
2501.15582957962
2500.65588394679
2500.1800670621
2499.68714155299
2499.13079901431
2498.55539421677
2498.01234823461
2497.45415253624
2496.82880813321
2496.18658460579
2495.58400841316
2494.96801788728
2494.2815751258
2493.58018704651
2492.92490039803
2492.25773645131
2491.51719562244
2490.76342209363
2490.06146480606
2489.34899133379
2488.56055161202
2487.76039567088
2487.01711593784
2486.26452516778
2485.4336754662
2484.59245216975
2483.81258511447
2483.02447394546
2482.15607369375
2481.27848841663
2480.46622590402
2479.6466637373
2478.74501464471
2477.83523262554
2476.99428526139
2476.146874231
2475.2157839978
2474.27749207241
2473.41114422993
2472.53907265171
2471.58191149971
2470.61837286861
2469.72953150007
2468.83562127831
2467.85537208463
2466.86947487731
2465.96071279281
2465.04746144867
2464.04676418763
2463.04106450848
2462.1146587335
2461.18427665125
2460.16546777581
2459.14222784523
2458.20019360508
2457.2546370292
2456.21978435731
2455.18100629658
2454.22512711743
2453.2661273773
2452.21706098782
2451.16451673759
2450.19637110123
2449.22546048847
2448.16380007678
2447.09905788586
2446.12004282788
2445.13857750507
2444.0657565996
2442.99020447291
2442.00155647104
2441.01073674913
2439.92802414538
2438.842890597
2437.84570405819
2436.84659234218
2435.75511107153
2434.66148349032
2433.65672711056
2432.65026377991
2431.55100789502
2430.44984879573
2429.43838003613
2428.42539749626
2427.31924692299
2426.21140832526
2425.1939862202
2424.17522133485
2423.06295501263
2421.94919116273
2420.92648765171
2419.90259274215
2418.78490024951
2417.66587887533
2416.63848882822
2415.61004140417
2414.48753324361
2413.36384551173
2412.3322955979
2411.29980696614
2410.17302366291
2409.04519298725
2408.0099495217
2406.97387240189
2405.84329255319
2404.71178238773
2403.6732582723
2402.63399353428
2401.50004093025
2400.36526166288
2399.32343998936
2398.28032317725
2397.14152459409
2396.00126215871
2394.954295729
2393.90619497356
2392.76219090179
2391.61696048149
2390.56562987988
2389.5133552851
2388.3650112787
2387.21565362556
2386.16070907687
2385.10499007423
2383.95307837482
2382.80034245544
2381.7424521177
2380.68393830314
2379.52914660563
2378.37369936453
2377.31345820495
2376.25272799817
2375.09566862628
2373.93810388964
2372.87604163104
2371.81361000458
2370.65482809669
2369.49567451501
2368.43226272424
2367.36858809766
2366.20856890842
2365.0482970408
2363.98395545088
2362.91944583955
2361.75862125168
2360.59764988377
2359.53275203197
2358.46777053039
2357.30652486166
2356.14522663945
2355.08010489477
2354.01497456595
2352.85364974694
2351.69235620009
2350.62730624584
2349.56231448057
2348.40121467103
2347.24022069137
2346.17550552149
2345.1109079247
2343.95030362901
2342.78987146299
2341.72572494457
2340.66174879977
2339.50188053548
2338.34224334303
2337.27887339188
2336.21572074921
2335.05680231702
2333.89816734365
2332.83575875476
2331.77360918338
2330.61583058154
2329.45838198555
2328.39709895567
2327.33611199674
2326.17964201854
2325.02354339057
2323.96353176637
2322.90384911915
2321.74883766758
2320.59423427599
2319.5356235574
2318.4773710273
2317.32395117773
2316.17097196936
2315.1138770948
2314.05716632919
2312.9054561673
2311.75421555029
2310.69873848729
2309.64366852219
2308.49359235893
2307.34100617988
2306.28151392074
2305.21959493372
2304.05905220611
2302.89576329036
2301.82661951525
2300.75526764489
2299.58469182203
2298.41162498767
2297.33371851738
2296.25380687922
2295.07412238465
2293.89217286986
2292.80630115877
2291.71860381553
2290.53062878143
2289.34058866019
2288.24745723326
2287.15265900619
2285.95711723547
2284.7596872509
2283.65992027521
2282.55862700896
2281.35615882369
2280.15195888916
2279.04610852635
2277.93885616561
2276.73002799902
2275.51960648315
2274.40816115893
2273.29542377408
2272.08073665216
2270.86457858905
2269.74797030551
2268.63016718957
2267.41006423119
2266.18859858078
2265.06720938292
2263.94471132765
2262.71958437747
2261.49319044654
2260.36735814121
2259.24049298789
2258.01068848273
2256.77970160395
2255.64972481829
2254.51878236734
2253.28460652515
2252.04932308064
2250.9154657365
2249.78070209054
2248.54242550073
2247.30310736597
2246.16560263836
2245.02724404451
2243.78510572898
2242.54198420462
2241.40103802401
2240.25928427348
2239.01349527996
2237.76677457085
2236.62256872217
2235.47759615857
2234.22834274039
2232.97820303433
2231.83089789962
2230.68286208127
2229.43030851163
2228.17690870422
2227.02664569003
2225.87568374647
2224.61997480935
2223.363454916
2222.21035860214
2221.05659132012
2219.79785451548
2218.53833780671
2217.38251784856
2216.22605151888
2214.964399015
2213.70199390703
2212.5435467199
2211.38447477273
2210.12000513501
2208.85480686391
2207.69381711464
2206.53222156765
2205.26502128968
2203.99711339407
2202.83365532209
2201.66960806315
2200.39975292274
2199.12920855715
2197.9633471446
2196.79691106794
2195.52446732848
2194.25135042672
2193.08314243516
2191.91437244799
2190.63939792268
2189.36376422873
2188.19325911766
2187.02220303207
2185.74474802701
2184.46664600841
2183.29388674918
2182.12058607254
2180.84069422251
2179.5601658799
2178.38518967712
2177.20968031261
2175.9273893218
2174.64447090646
2173.46730983742
2172.28962270499
2171.00496500371
2169.71968765361
2168.54036923514
2167.36053082204
2166.07353414882
2164.78592445263
2163.6044721437
2162.4225049926
2161.13319291044
2159.84327340759
2158.65970705497
2157.47563019682
2156.18402255096
2154.89181217509
2153.70614840866
2152.51997774656
2151.22609107047
2149.93160554284
2148.74385812611
2147.55560677586
2146.25945465142
2144.96270682978
2143.77288697094
2142.5825655631
2141.28415894006
2139.98515912823
2138.79327575601
2137.60089270392
2136.30024018338
2134.99899640591
2133.80505641446
2132.61061815202
2131.30772623798
2130.00424448386
2128.80825294993
2127.61176414267
2126.30663746522
2125.00092190417
2123.80288227996
2122.6043460123
2121.29698752575
2119.9890407002
2118.78895498444
2117.58837292592
2116.27878408465
2114.96860708011
2113.76647596997
2112.56384852283
2111.25202943734
2109.93962203366
2108.73544505961
2107.53077148975
2106.21672106524
2104.90208187091
2103.69585751635
2102.48913606964
2101.17285212905
2099.85597870035
2098.64770450793
2097.43893251344
2096.1204119066
2094.80130085347
2093.59097351942
2092.38014748106
2091.05938618169
2089.73803326171
2088.52564871959
2087.31276439749
2085.9897575893
2084.66615779103
2083.45171128612
2082.2367637689
2080.91150592194
2079.58565353907
2078.36913969437
2077.15212346324
2075.82460840183
2074.49649709889
2073.27790997371
2072.05881895945
2070.72903992236
2069.39866279305
2068.17799593509
2066.95682356854
2065.62477326247
2064.29212288152
2063.069369373
2061.84610862996
2060.51177927696
2059.17684774606
2057.9520002447
2056.72664368571
2055.39002706531
2054.05280605391
2052.8258568293
2051.59839663494
2050.25948412145
2048.91996490295
2047.69090586878
2046.46133387101
2045.12011646669
2043.77828995049
2042.54711269313
2041.31542040305
2039.97188876742
2038.62774552739
2037.39444133127
2036.1606199637
2034.81476443957
2033.46829473924
2032.23285460924
2030.99689510454
2029.64870574107
2028.29989955591
2027.06231423729
2025.82420728063
2024.4736738537
2023.1225208909
2021.88278088683
2020.6425169253
2019.28962895553
2017.93611867143
2016.69421425856
2015.4517835162
2014.09653028492
2012.74065190044
2011.49601786156
2010.24660391159
2008.87830370501
2007.50379780796
2006.23808405118
2004.96733382135
2003.57616045971
2002.17926780206
2000.89342678374
1999.60330596529
1998.19286569083
1996.77868532671
1995.47859888773
1994.17544700759
1992.75112477257
1991.323249151
1990.0107335444
1988.69527923099
1987.25768222127
1985.81667107615
1984.4922193842
1983.16493854224
1981.71456715227
1980.2609023278
1978.9249415475
1977.58624642901
1976.12353381686
1974.6576320295
1973.31053110888
1971.96077757886
1970.48609725705
1969.00831742514
1967.65039378541
1966.28988764746
1964.80356016349
1963.31420986974
1961.94573515761
1960.57473773337
1959.0770365625
1957.57637775471
1956.19758291677
1954.8163159681
1953.30747271212
1951.79572673274
1950.40680649262
1949.01545656457
1947.49566553902
1945.97301756321
1944.57413437238
1943.17285662569
1941.642278908
1940.10888186031
1938.70016938474
1937.28909097827
1935.74785798059
1934.20383599189
1932.78540218952
1931.36462526577
1929.81284188864
1928.25829334745
1926.83022318472
1925.39982750515
1923.83757492123
1922.2725751673
1920.83493301701
1919.39497828839
1917.82231639984
1916.24692010182
1914.79975185991
1913.35027978782
1911.76724939544
1910.18149264971
1908.7248276037
1907.26586370511
1905.67248842297
1904.07639060611
1902.61024308413
1901.14179828719
1899.5380862323
1897.93165163589
1896.45602246192
1894.97809451753
1893.36403980075
1891.74725907371
1890.26213685142
1888.77471157848
1887.15029561962
1885.52314704033
1884.02850928526
1882.53156166881
1880.89675435612
1879.259204954
1877.75501909161
1876.24851425058
1874.60327496262
1872.95528150627
1871.44150575116
1869.92539979096
1868.26967829644
1866.61118816373
1865.08777229365
1863.56201305638
1861.89575030599
1860.22670224941
1858.69358828593
1857.15811601006
1855.4812448324
1853.8015696516
1852.25869245803
1850.71344035768
1849.02588607018
1847.33550720209
1845.7827950079
1844.22768978069
1842.52937072504
1840.82820476075
1839.26557962078
1837.70054189233
1835.9913699027
1834.2793270393
1832.70670523489
1831.13164994683
1829.41153075847
1827.68851519302
1826.10580758151
1824.52064432936
1822.78947793398
1821.05538820587
1819.46250052408
1817.86713385028
1816.1248148041
1814.37954409144
1812.77637721812
1811.17070686525
1809.41712455469
1807.66056092966
1806.04701111127
1804.43093223954
1802.66597110917
1800.89799775666
1799.27395680038
1797.64736017322
1795.87089991983
1794.09139532324
1792.45675076064
1790.8195229017
1789.03143863809
1787.2402767356
1785.59491195994
1783.94693528442
1782.14709767592
1780.34414799036
1778.68794237019
1777.02909529309
1775.21737066957
1773.40249841434
1771.7353273858
1770.06548440931
1768.24173485507
1766.41480101858
1764.73653615834
1763.05556794048
1761.2196513641
1759.38051277471
1757.69102185553
1755.99879526164
1754.15056544776
1752.29907482101
1750.59822185135
1748.89459999014
1747.0339066346
1745.16991260431
1743.45755785354
1741.74240009895
1739.86908882895
1737.99243596361
1736.26843597391
1734.541597974
1732.6555103544
1730.76603915997
1729.03024674615
1727.29158042012
1725.39255394694
1723.49010085726
1721.74236509527
1719.99171861937
1718.0795867016
1716.1639840572
1714.40415026229
1712.64136804561
1710.71595997602
1708.7870359922
1707.01494568735
1705.23986833799
1703.3010092537
1701.35858797853
1699.57407885382
1697.78654313613
1695.83405396961
1693.87795523249
1692.08086109587
1690.28069987926
1688.31439730019
1686.34443665142
1684.53458737139
1682.72162957107
1680.74132591961
1678.75731456144
1676.93453600195
1675.10860651209
1673.11410972381
1671.11585443332
1669.27996838128
1667.44088800069
1665.43200152363
1663.41930456769
1661.57012865326
1659.71771400401
1657.69423670795
1655.66689575055
1653.80424336046
1651.93830679959
1649.90003287781
1647.85784087991
1645.98152106396
1644.10187058831
1642.04858945201
1639.99133456401
1638.10115193482
1636.20759107924
1634.13908724465
1632.0665526916
1630.16230731779
1628.25463504664
1626.17068801487
1624.08265197453
1622.16413926717
1620.24214985926
1618.14253398901
1616.03876946259
1614.10578005511
1612.16926298199
1610.05591630971
1607.95046253035
1606.02713092803
1604.11152276588
1602.03158322257
1599.9604585531
1598.07378188353
1596.2006398798
1594.17353904851
1592.16167048689
1590.32880579675
1588.50802428296
1586.53622486016
1584.57783782316
1582.79254356299
1581.01787393495
1579.0947239076
1577.18335184489
1575.43985008123
1573.70566553468
1571.82519787073
1569.95504249912
1568.24815174519
1566.54940521099
1564.70626638381
