0
6.24795537546224e-07
1.249640312835e-06
1.87452452155318e-06
6.6416591017774e-06
1.14113426657232e-05
1.61833139416336e-05
2.09574824463953e-05
2.98402919806304e-05
3.87306064459413e-05
4.76283424026877e-05
5.6533428851318e-05
5.97666229843171e-05
6.30007286455461e-05
6.62357670920934e-05
6.94717472155934e-05
7.27086649297371e-05
8.9773563242446e-05
0.000106863091097464
0.000119856594405451
0.000132862831606244
0.000145881016457152
0.000150007831679822
0.000154135729578723
0.000158264679951021
0.000162394652060555
0.000166525614001055
0.0001802168041891
0.000193917210474045
0.000207625462245689
0.000210470526244499
0.000213315849812546
0.000216161419284385
0.000219007220956288
0.000221853240632452
0.000240753527864116
0.000259658254733444
0.000271047835801914
0.000282436167658451
0.000293822079623749
0.00030133317222974
0.000308842327968452
0.000316349180405811
0.000323853355546603
0.000331586872119991
0.000339316710014112
0.000347042433839189
0.000354763600028647
0.000361784183851435
0.000368800275772742
0.000375811525099834
0.000382817576273857
0.00038981806896428
0.000391898407153423
0.000393978211977761
0.000396057473746586
0.000398136182756422
0.000400214329251251
0.000421901078395951
0.000443513832228841
0.000451762271916714
0.000459997496969649
0.000468218831298513
0.00047642559798139
0.000481450936887875
0.000486470382831243
0.000491483776927248
0.000496490960037483
0.000501491772679752
0.000510934973744492
0.000520353714277924
0.000529746907223948
0.000539113463602962
0.000540181763498407
0.000541249699824431
0.000542317271008211
0.000543384475468321
0.000544451311593053
0.000555099055023746
0.000565708181229711
0.000569158456396737
0.00057260439927541
0.000576045954145314
0.000579483065553728
0.000582915678120221
0.000597832321649368
0.000612657784216088
0.000626171107574497
0.000639600547187274
0.000654143443274485
0.000668578400704719
0.000681719146102353
0.000694762539578447
0.000708869595726262
0.000722853640859741
0.000735568051638025
0.00074817336294101
0.000761789960946029
0.000775270846229965
0.000787513222098828
0.000799636992331914
0.00081271842791797
0.000825654369647516
0.000837389056334717
0.000848998268202721
0.000861511632174097
0.000873873024976921
0.000885075834136331
0.00089614918146596
0.000908074568498424
0.000919845007901367
0.000930503989364826
0.000941032490084811
0.000952363485685739
0.000963540067066425
0.000973655619737447
0.000983642573227554
0.000994386036226044
0.00100497896406909
0.00101456333052448
0.00102402367708927
0.00103419889423777
0.00104423049146412
0.00105330672922702
0.00106226591387785
0.00107190324734905
0.00108140649402008
0.00109000704845707
0.00109849951898742
0.00110763869302974
0.00111665544415625
0.00112482046228587
0.00113288794182704
0.00114157612138804
0.00115015515552971
0.0011579306779824
0.001165620346712
0.00117391015113825
0.00118210518823408
0.00118954134162173
0.00119690404487672
0.00120485161834106
0.00121271942152759
0.00121986871010229
0.00122695728545833
0.00123462051765755
0.00124221916479904
0.00124913493310473
0.00125600272151677
0.00126343968214977
0.00127082706292997
0.00127756217408824
0.00128426175361349
0.00129152937590331
0.00129876194299994
0.00130536769313579
0.00131194985060972
0.00131910287510408
0.00132623465528088
0.00133275992501959
0.00133927286269454
0.00134636303396617
0.00135344488778283
0.00135993551733155
0.00136642427829911
0.00137349977416601
0.0013805788814074
0.00138707724629279
0.00139358333417331
0.0014006883991736
0.00140780794041326
0.00141435269981233
0.00142091386396066
0.00142808861516479
0.00143528761716224
0.00144191360503576
0.00144856376145994
0.0014558441342597
0.00146315744711792
0.00146989567709633
0.00147666493648416
0.00148408273977271
0.00149154111598676
0.00149841887331158
0.0015053336501884
0.00151291670347882
0.00152054695237564
0.00152758794945891
0.00153467112989007
0.00154244345873286
0.00155026865370269
0.00155749322949551
0.00156476437840279
0.00157274644845556
0.00158078616835471
0.00158821151533642
0.00159568710807482
0.00160389608201641
0.0016121666718815
0.00161980707785069
0.00162750074397978
0.00163595074894242
0.00164446558852487
0.00165233268335958
0.00166025545342587
0.00166895784964288
0.00167772762116921
0.00168583062126767
0.00169399116985172
0.00170295481375261
0.00171198776272431
0.00106601875064476
0.00106808810490734
0.00107038647703292
0.00107272825052924
0.00107491256740156
0.00107713377854854
0.00107959898543864
0.00108210776237598
0.00108444514693313
0.00108681930782813
0.00108945105400851
0.00109212610828483
0.00109461567692649
0.00109714171529056
0.00109993862394848
0.00110277837940977
0.00110541852785945
0.00110809468498734
0.00111105466596078
0.00111405686647925
0.0011168453946052
0.00111966934235334
0.001122789714854
0.00112595154291154
0.00112888576000201
0.0011318547028269
0.00113513230296829
0.0011384504835519
0.00114152730048737
0.00114463806471052
0.00114806933948708
0.00115154023081526
0.00115475624049867
0.00115800535214034
0.00116158644130055
0.00116520611380019
0.00116855766112439
0.00117194141356348
0.00117566822072192
0.00117943252557257
0.00118291576810641
0.00118643028072305
0.0011902985349442
0.00119420316339183
0.00119781412386024
0.00120145539271095
0.00120546070167968
0.00120950123620504
0.00121323584773075
0.00121699978919853
0.00122113768497649
0.00122530964328754
0.00122916378825787
0.001233046276517
0.00123731225477302
0.00124161112748247
0.00124558067080664
0.00124957756984536
0.00125396712334537
0.00125838840609363
0.00126244523698107
0.00126649533653155
0.0012709029036913
0.00127530175179973
0.00127932891875919
0.00128334986328371
0.00128772800553149
0.0012921000346678
0.00129610481950431
0.00130010555465299
0.00130446416006323
0.00130881913890921
0.00131281036412337
0.00131679957172886
0.00132114793889688
0.00132549499843
0.0013294808948157
0.00133346666415228
0.00133781344634436
0.0013421610733108
0.00134614928218546
0.00135013911471471
0.001354492326831
0.00135884837232193
0.00136284595470441
0.001366846774465
0.00137121380568955
0.00137558549908448
0.00137959894954234
0.00138361711797428
0.00138800474899637
0.00139239871621501
0.00139643398044025
0.00140047531472878
0.00140488973856724
0.00140931202369158
0.00141337451897078
0.00141744431310057
0.00142189115867748
0.00142634724811948
0.00143044188596723
0.00143454493377998
0.00143902929150021
0.00144352413999937
0.0014476553503224
0.00145179596996771
0.0014563224186647
0.00146086047650152
0.00146503223275274
0.00146921429201204
0.00147378692671636
0.0014783721676217
0.00148258801248721
0.00148681495453315
0.00149143741460753
0.00149607336393309
0.00150033643517154
0.00150461130439859
0.00150928680166196
0.00151397656445302
0.00151828962057427
0.001522615088203
0.00152734643473536
0.00153209272341445
0.00153645816894445
0.0015408365581591
0.00154562619354028
0.00155043135496921
0.00155485126509999
0.00155928457552995
0.00156413459331811
0.00156900063505687
0.00157347677952573
0.00157796671092444
0.00158287888422585
0.00158779221977957
0.00159229748818767
0.00159680213459346
0.00160171396966659
0.0016066257016835
0.00161113042303145
0.00161563574607221
0.00162054976701293
0.0016254651376728
0.0016299743946958
0.00163448542969572
0.00163940701208863
0.00164433127425556
0.00164884978126638
0.00165337114080691
0.00165830519724863
0.00166324314705507
0.00166777520585516
0.00167231109650484
0.00167726210449314
0.00168221811058181
0.00168676763730652
0.00169132188629896
0.0016962939170727
0.00170127194917838
0.00170584250028568
0.00171041858127222
0.00171541532760046
0.00172041898404453
0.00172501378127739
0.00172961483902853
0.00173463964182794
0.00173967217581668
0.00174429413004881
0.00174892300402227
0.00175397887772273
0.00175904322237845
0.00176369495628567
0.00176835420301068
0.00177344385962146
0.00177854265170616
0.00178322652123285
0.00178791843548537
0.00179304430734052
0.00179817990965687
0.00180289802426822
0.00180762465903253
0.00181278892021522
0.00181796344268918
0.00182271768441728
0.00182748086964547
0.00183268545610764
0.00183790077557278
0.00184269281687795
0.00184749417707128
0.00185274080547774
0.00185799858419325
0.00186282990467216
0.00186767087531814
0.00187296106065388
0.00187826276359718
0.00188313466557711
0.00188801650848281
0.00189335158046969
0.0018986960914386
0.0019036012709665
0.00190850998292914
0.00191386725240685
0.00191922946688449
0.00192415167987056
0.00192907893089741
0.00193445824658043
0.00193984435700471
0.00194479000465961
0.001949742180724
0.00195515034976245
0.00196056698877589
0.00196554200570224
0.00197052489502692
0.00197596806006656
0.00198142120197573
0.00198643092688449
0.00199144973000917
0.00199693340269346
0.00200242840063806
0.00200747761097882
0.00201253697550314
0.00201806607436586
0.00202360769819615
0.00202870064485283
0.00203380470007043
0.00203938358818919
0.00204497606199685
0.00205011650357883
0.00205526889462665
0.00206090141666104
0.00206654845560982
0.0020717396920318
0.00207694361326462
0.00208263313158077
0.00208833797775695
0.00209358288286625
0.00209884111022913
0.00210459053987888
0.00211035599694523
0.002115657050011
0.00212097197223645
0.00212678381461575
0.00213261228110707
0.00213797159703414
0.00214334524553706
0.0021492216205966
0.00215511512174102
0.00216053447991154
0.00216596855729381
0.00217191123421553
0.00217787145220465
0.00218335232388483
0.00218884823099404
0.00219485865728097
0.00220088695994424
0.00220643053422157
0.00221198939573542
0.00221806872469035
0.00222416619255546
0.00222977340079523
0.00223539608932508
0.0022415452059164
0.00224771265765935
0.00225338419648772
0.00225907135521272
0.00226529090034413
0.00227152891664963
0.00227726526948592
0.00228301733334328
0.00228930772655853
0.00229561667242545
0.00230141812959775
0.00230723534506585
0.00231359680573124
0.00231997685126804
0.00232584352875553
0.00233172597227495
0.00233815853929068
0.00234460967905392
0.00235054153590602
0.00235648913099
0.00236299268108788
0.00236951475202269
0.0023755116065099
0.00238153792886599
0.00238814478124037
0.00239478773837089
0.00240090941564293
0.00240706026478706
0.00241379994329385
0.00242057242125763
0.00242681015652855
0.00243307436094775
0.00243993460068676
0.00244682460509438
0.00245316766429772
0.00245953475847431
0.00246650445086072
0.00247350117493069
0.00247993989236222
0.00248640045179219
0.00249346959137662
0.00250056329957001
0.00250708896594829
0.00251363449721475
0.00252079406540453
0.00252797598086227
0.00253458074316145
0.00254120358670918
0.00254844544903487
0.00255570765408296
0.00256238442693406
0.00256907767101699
0.0025763944861437
0.00258372983411281
0.00259047222122821
0.00259722962554675
0.00260461476448131
0.00261201680135912
0.00261881902567679
0.0026256349534525
0.00263308242763752
0.00264054532229989
0.00264740216374258
0.00265427152116783
0.00266177591835056
0.00266929440030493
0.00267620114021376
0.00268311932237073
0.00269067574929783
0.00269824505302769
0.00270519742446531
0.00271216026693856
0.00271976429806297
0.00272738011319109
0.00273437425642303
0.00274137799193848
0.00274902562343772
0.00275668405003368
0.00276371647259084
0.00277075751901654
0.00277844416362913
0.00278613994182156
0.0027932053586049
0.00280027840801744
0.00280799953050072
0.00281572946697052
0.00282282596269787
0.00282992984372879
0.00283768429900238
0.00284544728556328
0.00285257386153974
0.00285970759105293
0.0028674943243873
0.00287528932350059
0.0028824450421711
0.00288960769650682
0.00289742571650373
0.00290525175249202
0.00291243573183901
0.00291962644169124
0.00292747481487564
0.00293533096864291
0.00294254237744279
0.00294976032321231
0.00295763816907521
0.00296552357325903
0.00297276162672621
0.00298000603425333
0.00298791252069989
0.00299582635522036
0.00300309031100775
0.00301036044765473
0.0030182947868256
0.00302623627479945
0.00303352542932761
0.00304082060038294
0.00304878204481931
0.00305675044881056
0.00306406413389908
0.00307138367927842
0.00307937151840365
0.00308736613698388
0.00309470371676148
0.00310204700798155
0.00311006056487421
0.00311808072946819
0.00312544159753921
0.00313280803494314
0.00314084666337842
0.00314889173537229
0.00315627531221925
0.00316366432243331
0.00317172740417146
0.0031797967722626
0.00318720250286613
0.00319461353646946
0.00320270047877154
0.00321079355654093
0.00221946269531005
0.00222228372644443
0.00222536464769608
0.00222845074695324
0.00223128540886774
0.00223412444896781
0.00223722513266771
0.00224033092040635
0.00224318355219508
0.00224604047120668
0.00224916054312094
0.00225228561287369
0.00225515584052103
0.00225803026755559
0.00226116932760402
0.0022643132837446
0.00226720074808782
0.00227009232760253
0.00227324999220692
0.0022764124552632
0.00227931681165485
0.00228222520232476
0.00228540110307372
0.00228858170840378
0.00229150262552122
0.00229442749907462
0.00229762128148347
0.00230081967806516
0.00230375683682491
0.00230669787698174
0.00230990919936206
0.00231312504868969
0.00231607814125792
0.00231903504276203
0.00232226357519116
0.00232550383070271
0.00232848595316732
0.00233147849390079
0.00233475311228474
0.00233803932895755
0.00234106255523784
0.00234409501592368
0.00234741181436151
0.00235073885764646
0.00235379843287209
0.00235686616273195
0.00236022021376329
0.00236358330364137
0.00236667496358518
0.00236977381630713
0.00237316073032959
0.00237655560869594
0.00237967555441244
0.00238280183576025
0.00238621770138923
0.00238964057365579
0.0023927854194164
0.00239593583669633
0.00239937716738026
0.00240282465080246
0.00240599137808997
0.00240916299549832
0.00241262668233453
0.00241609576032644
0.00241928167714952
0.00242247187627351
0.00242595514625838
0.00242944312795865
0.00243264583283318
0.00243585227767436
0.0024393526567249
0.00244285714117501
0.00244607449120662
0.00244929509718044
0.00245281037735223
0.00245632922173308
0.00245955930430973
0.002462792210746
0.00246632042114778
0.00246985171259235
0.00247309282025917
0.00247633636598991
0.00247987574695886
0.00248341777752055
0.00248666838566363
0.00248992108733683
0.00249347006749384
0.00249702131190272
0.00250028005891546
0.00250354059171848
0.00250709776757002
0.00251065686345503
0.00251392253310073
0.00251718971361616
0.00252075383141024
0.00252431956170467
0.00252759106742408
0.00253086383837448
0.00253443377795375
0.00253800505523542
0.00254128142617837
0.00254455884284555
0.00254813360327125
0.0025517094558187
0.00255498982440508
0.00255827104253514
0.00256184972928263
0.00256542928865434
0.00256871287949262
0.00257199714452016
0.00257557895806988
0.00257916144803619
0.0025824475680481
0.00258573420549236
0.00258931843116092
0.00259290315783812
0.00259619118745509
0.00259947959435805
0.00260306559323168
0.00260665193628506
0.0026099413215981
0.00261323095888907
0.00261681815973785
0.00262040556453574
0.00262369581029341
0.00262698619597827
0.00263057408804304
0.00263416205865721
0.0026374527220186
0.00264074342510303
0.00264433155165933
0.0026479196446191
0.00265121032957915
0.00265450096464557
0.00265808891725963
0.00266167673597725
0.00266496708839091
0.00266825731075782
0.00267184472415911
0.00267543191395327
0.00267872167143157
0.002682013647016
0.00268560605250144
0.00268920145399092
0.00269250133558838
0.00269580367794665
0.00269940722687519
0.00270301355322066
0.00270632326972724
0.00270963526279141
0.00271324912752733
0.00271686556219657
0.00272018438121249
0.00272350531003384
0.00272712873069943
0.00273075453359146
0.00273408179233217
0.00273741100992944
0.00274104329869986
0.00274467779967442
0.00274801289782167
0.00275134981800331
0.00275499035146543
0.00275863294291671
0.00276197533598568
0.00276531942689311
0.00276896763920214
0.0027726177694128
0.00277596696281676
0.00277931774114681
0.00278297311790285
0.00278663028509722
0.00278998582883663
0.00279334285467187
0.00279700492744084
0.00280066867446399
0.00280403015837463
0.00280739303055791
0.00281106137196934
0.00281473128152647
0.00281809833102796
0.0028214666830242
0.00282514090238542
0.00282881659278287
0.00283218886507526
0.00283563966753922
0.00283950307200314
0.00284346988148692
0.00284719114237122
0.00285099468586976
0.00285523264174572
0.0028595620205567
0.00286360594979247
0.00286772240098056
0.00287229071556216
0.00287693962655272
0.00195926219382136
0.00196094191849212
0.00196282166051309
0.0019647504704903
0.00196655896228105
0.00196840645979992
0.00197046393843452
0.00197256477886967
0.001974526398877
0.00197652243003907
0.00197873676663198
0.0019809893638916
0.00198308607075729
0.00198521314463307
0.0019875658789526
0.00198995238262021
0.00199216829584437
0.00199441101285918
0.00199688588641346
0.00199939056958642
0.002001711692987
0.00200405647668883
0.00200663915126606
0.00200924814019778
0.00201166212300488
0.00201409698977105
0.00201677480580943
0.00201947584762428
0.00202197177902428
0.00202448613984324
0.00202724790826963
0.00203003017067333
0.0020325984024963
0.00203518289176756
0.00203801871406301
0.00204087261207186
0.00204350460527427
0.00204615093247798
0.00204905204466419
0.00205196909025817
0.00205465728161841
0.0020573581024315
0.00206031673941992
0.00206328941073111
0.00206602709678869
0.00206877590080723
0.00207178517815411
0.00207480680537095
0.00207758804113548
0.0020803790538336
0.00208343286443118
0.00208649753006003
0.00208931704041805
0.00209214513735606
0.0020952380609863
0.00209834051248766
0.00210119361456314
0.00210405424617078
0.002107181470172
0.00211031704329686
0.00211319957829066
0.00211608870380771
0.00211924595337177
0.00212241050477726
0.00212531877803283
0.00212823280740216
0.0021314162842403
0.00213460613217428
0.00213753686040126
0.00214047260308549
0.00214367893138467
0.00214689080340388
0.00214984106814498
0.00215279568798521
0.00215602186673016
0.00215925285356316
0.00216222006011836
0.00216519103547695
0.00216843439634207
0.00217168191113137
0.00217466375226177
0.00217764884079498
0.00218090701091886
0.00218416875318072
0.00218716317700624
0.00219016038450087
0.00219343125354827
0.00219670517727667
0.00219971035885927
0.00220271791164201
0.00220599960263653
0.0022092838880533
0.00221229820422387
0.00221531452471606
0.00221860536819351
0.00222189839671045
0.00222492040375429
0.00222794408879935
0.0022312425998893
0.00223454293190351
0.0022375713457678
0.0022406011474057
0.00224390600549788
0.0022472123606888
0.00225024603941774
0.00225328084782116
0.00225659087851606
0.00225990211835363
0.00226294004649287
0.00226597887481504
0.00226929303389463
0.00227260814610363
0.00227564942084735
0.00227869139176155
0.00228200875094839
0.00228532683570454
0.00228837065458555
0.002291414988323
0.00229473472262331
0.0022980549802838
0.00230110063023102
0.00230414663394664
0.00230746801039756
0.00231078973059185
0.00231383657820019
0.00231688363651598
0.00232020600417818
0.00232352855610539
0.00232657603898125
0.00232962360557448
0.00233294638662986
0.00233626921042708
0.00233931682948856
0.00234236441960751
0.00234568710143802
0.00234900970049944
0.00235205701312438
0.00235510419692776
0.00235842632506569
0.00236174825920639
0.00236479487313348
0.00236784126976175
0.00237116244161424
0.00237448332098443
0.00237752888888375
0.00238057416118078
0.00238389402044259
0.00238721350010909
0.00239025809512521
0.00239330295963895
0.00239662303481917
0.00239994338398309
0.0024029889113468
0.0024060345667179
0.00240935529627368
0.00241267608337891
0.0024157218372211
0.00241876754473782
0.00242208813714335
0.00242540859158015
0.00242845388284958
0.00243149897123532
0.00243481871442676
0.00243813814408832
0.00244118235407676
0.00244422622060828
0.00244754447524535
0.00245086225871296
0.00245390483190533
0.00245694693542217
0.00246026312746964
0.00246357870680221
0.00246661914443145
0.0024696589990577
0.0024729726131265
0.00247628548738874
0.00247932334165081
0.00248236051115997
0.00248567108453006
0.00248898080398316
0.00249201567284417
0.0024950497656006
0.00249835688285538
0.00250166304374206
0.00250469456627651
0.00250772523069419
0.00251102851890362
0.00251433075876628
0.00251735861097186
0.00252038553143745
0.00252368465583343
0.00252698264931082
0.00253000654035091
0.00253302943356327
0.00253632409365692
0.00253961754871021
0.00254263721754019
0.00254565582922392
0.00254894575531941
0.00255223440984377
0.00255524962218194
0.00255826372413649
0.00256154867420092
0.00256483229298309
0.00256784283859091
0.00257085222604108
0.00257413198289403
0.0025774103548806
0.00258041604512064
0.00258342053433763
0.00258669490312765
0.00258996783897232
0.00259296850461558
0.00259596793078094
0.00259923673671977
0.00260250406658101
0.00260549955583819
0.00260849377112597
0.00261175685745411
0.00261501842901782
0.00261800860577164
0.00262099747762634
0.00262425470378647
0.00262751038049053
0.00263049512270859
0.00263347853229906
0.002636729772296
0.00263997943173626
0.00264295863004607
0.0026459364708774
0.00264918181848858
0.00265242900339754
0.00265540913726514
0.00265839118340786
0.00266164459322062
0.00266490015682788
0.00266788782568071
0.00267087719292712
0.00267413833633434
0.00267740138238419
0.00268039571326885
0.00268339154294517
0.00268665951142429
0.00268992916089686
0.00269292937150034
0.00269593090506196
0.00269920489795025
0.00270248037673361
0.00270548577838703
0.00270849234834401
0.00271177166138031
0.00271505228887047
0.00271806227634714
0.00272107329634748
0.0027243573111817
0.0027276424901164
0.00273065653256792
0.00273367148859169
0.00273695966346956
0.00274024887090058
0.00274326650380736
0.00274628494634588
0.00274957680783523
0.00275286958710937
0.00275589040513003
0.00275891194223808
0.00276220707787808
0.00276550303151233
0.00276852668213009
0.002771550973252
0.00277484902502094
0.00277814780837057
0.00278117398624644
0.00278420073672875
0.00278750139523785
0.00279080271086794
0.00279383115282098
0.00279686010903425
0.00280016310836574
0.00280346670104709
0.00280649718159128
0.00280952812659255
0.00281283323970973
0.00281613889196896
0.00281917121934424
0.00282220396901968
0.0028255110036848
0.00282881853184669
0.00283185254448886
0.00283488694412276
0.00283819573926611
0.00284150498993323
0.00284454055333377
0.00284757647455646
0.00285088689704626
0.00285419774396706
0.00285723474787951
0.00286027208595194
0.0028635840277205
0.00286689636900281
0.00286993472495706
0.00287297339635474
0.00287628677184135
0.00287960052747292
0.00288264016656341
0.00288568010682644
0.00288899485070191
0.00289230996034401
0.00289535083126146
0.00289839199308133
0.00290170805822304
0.0029050244792469
0.0029080665465267
0.00291110889804365
0.00291442625373345
0.00291774395947286
0.00292078720193625
0.00292383072522401
0.0029271493555445
0.0029304683337407
0.0029335127431075
0.00293655743282482
0.00293987733523212
0.0029431975866499
0.00294624316630402
0.00294928902849469
0.0029526102125484
0.00295593174974463
0.00295897851363549
0.00296202556466057
0.00296534805089372
0.00296867089712159
0.00297171886878677
0.00297476713437456
0.00297809095328818
0.00298141514152242
0.00298446435321812
0.00298751386761908
0.00299083905878788
0.00299416463085768
0.00299721512278536
0.00300026592802048
0.00300359253929751
0.00300691954511545
0.00300997136473417
0.00301302350992668
0.00301635159673621
0.00301968009361284
0.00302273329502797
0.00302578683580935
0.00302911646051842
0.00303244651255309
0.00303550115597314
0.00303855615395538
0.00304188738531551
0.00304521906285535
0.00304827521410959
0.00305133173641654
0.00305466464906804
0.00305799802822762
0.00306105575833787
0.00306411387718934
0.00306744855122147
0.00307078371345667
0.00307384309825756
0.00307690289060045
0.00308023941116148
0.00308357644289178
0.0030866375626941
0.00308969910987564
0.00309303756682734
0.00309637655910133
0.00309943949839405
0.0031025028858725
0.00310584337348452
0.00310918442168397
0.00311224926887072
0.00311531458595966
0.00311865720263937
0.00312200040621784
0.0031250672533842
0.00312813459302681
0.00313147944108096
0.00313482490333328
0.00313789384604162
0.00314096330461177
0.00314431049003657
0.00314765831789591
0.00315072945500489
0.00315380113213224
0.00315715076442885
0.00316050106828847
0.00316357450179465
0.00316664850021124
0.00317000069222411
0.00317335358578129
0.00317642942068044
0.0031795058460865
0.00318286071386205
0.00318621631398182
0.00318929465814802
0.00319237361909511
0.00319573128175874
0.0031990897083554
0.00320217067243601
0.00320525228022555
0.00320861285987512
0.00321197423580971
0.00321505793313459
0.00321814230173037
0.00322150592334434
0.0032248703743365
0.0032279569208401
0.00323104416679326
0.00323441095815216
0.0032377786127048
0.00324086812685975
0.00324395836924498
0.00324732846086479
0.00325069945020046
0.00325379205296154
0.00325688541332344
0.00326025893839973
0.00326363339640738
0.00326672921116489
0.00326982581347345
0.00327320290783519
0.00327658097102642
0.00327968012356794
0.00328278009418226
0.00328616089625444
0.00328954270372825
0.00329264532220812
0.00329574878984759
0.00329913344062174
0.00330251913403703
0.0033056253489527
0.00330873244467494
0.00331212108768683
0.0033155108112419
0.00331862075541657
0.00332173161260152
0.00332512439391544
0.00332851829433383
0.00333163210290479
0.00333474685724437
0.00333814392544329
0.00334154215196549
0.00334465996237772
0.00334777875187057
0.00335118025805176
0.00335458296243214
0.0033577049144366
0.0033608278793875
0.00336423397716312
0.00336764131367174
0.00337076754932805
0.00337389483235159
0.0033773056778538
0.00338071780328271
0.00338384846696583
0.003386980212994
0.00339039596488429
0.00339381303855785
0.00339694827696843
0.00340008463326188
0.00340350545274423
0.00340692763653332
0.00341006759871149
0.00341320871487403
0.00341663476571174
0.00342006222405135
0.00342320800534981
0.00342636221116513
0.00342981185799115
0.00343327251208867
0.00343645567097567
0.00343964783343468
0.00344313836132638
0.00344663923386835
0.00344985873003336
0.00345308606811717
0.00345661190462253
0.00346014482257404
0.00346339104738556
0.00346664312527073
0.00347019548573668
0.00347375472365829
0.00347702496281402
0.00348030093481202
0.00348387921894495
0.00348746425612766
0.00349075806523006
0.00349405751480809
0.00349766129858998
0.00350127174127109
0.00350458878366453
0.0035079113984286
0.00351154036831103
0.00351517593023813
0.00351851596552257
0.00352186152700622
0.00352551546927737
0.00352917596145113
0.00353253883635961
0.00353590721118136
0.00353958600263394
0.00354327132428691
0.00354665696466086
0.00355004809674642
0.00355375169647081
0.00355746182713548
0.00356087023087025
0.00356428413461666
0.00356801257678967
0.00357174756933058
0.00357517880018009
0.00357861555445392
0.00358236894200932
0.00358612891650938
0.00358958309865192
0.00359304284152678
0.00359682134060781
0.00360060647901209
0.0036040837922916
0.00360756671644175
0.00361137055154758
0.00361518109297986
0.00361868176874697
0.00362218811742386
0.00362601756717302
0.00362985380385036
0.00363337812133699
0.00363690818486439
0.00364076357830707
0.00364462585198682
0.00364817413515586
0.00365172824788693
0.00365560996130663
0.00365949866020815
0.00366307127502689
0.00366664981271365
0.0036705582668655
0.00367447382301583
0.00367807117510809
0.00368167455263919
0.00368561021037886
0.00368955309733773
0.0036931756299748
0.00369680429944342
0.00370076766370604
0.00370473839463095
0.00370838658702662
0.00371204103609452
0.0037160326481878
0.00372003177420465
0.00372370614008359
0.0037273868906116
0.00373140732879194
0.00373543543764108
0.00373913652405358
0.00374284413097253
0.00374689400927658
0.00375095172420749
0.0037546801105671
0.00375841516096625
0.00376249512827377
0.00376658310716531
0.00377033940448858
0.00377410251690154
0.00377821325620851
0.00378233219089424
0.00378611704122448
0.00378990886509519
0.00379405109297873
0.00379820170875956
0.00380201578475894
0.00380583700007235
0.00381001146633134
0.00381419452166009
0.00381803852635622
0.00382188984342047
0.00382609733087807
0.00383031361720238
0.00383418828387759
0.00383807044324622
0.003842311767702
0.00384656210945416
0.00385046820166715
0.00385438197419134
0.0038586579845129
0.00386294323923649
0.00386688155096749
0.00387082773797003
0.00387513931631498
0.00387946037491992
0.00388343173083204
0.00388741116439566
0.00389175922655666
0.00389611701369539
0.00390012226950566
0.0039041358128698
0.00390852130873625
0.00391291678329516
0.00391695682625013
0.00392100537431105
0.00392542928844228
0.00392986344414345
0.00393393919359501
0.00393802367350528
0.00394248702581106
0.00394696089192033
0.0039510732999984
0.0039551946718625
0.00395969851838769
0.00396421316052607
0.00396836321290559
0.00397252247056928
0.00397706790438003
0.00398162442543637
0.00398581314219664
0.00399001131412843
0.00399459946629857
0.00399919900744181
0.00400342744401722
0.00400766559428091
0.00401229763497737
0.004016941376768
0.00402121062498952
0.00402548985430748
0.0040301669939748
0.00403485615757515
0.00403916734680271
0.00404348879371026
0.00404821228435442
0.00405294813283869
0.00405730243118523
0.0040616672732768
0.00406643840984953
0.00407122224961463
0.00407562086526295
0.00408003032053155
0.00408485044241679
0.0040896836246958
0.00409412780731016
0.00409858313558193
0.0041034536281867
0.0041083375506674
0.00411282859290207
0.00411733109736854
0.00412225339382097
0.0041271895023724
0.00413172874148001
0.00413627977033091
0.00414125535328882
0.00414624514379937
0.00415083396334255
0.00415543491150268
0.00416046531507673
0.00416551033540786
0.0041701501670779
0.00417480247805211
0.00417988928984799
0.00418499114190827
0.00418968346745527
0.00419438863528606
0.00419953349857078
0.00420469384051551
0.00420944019379503
0.00421419976513786
0.00421940438113592
0.00422462492969813
0.00422942689883976
0.00423424247516176
0.00423950860548744
0.00424479113844681
0.00424965036815083
0.00425452360805901
0.00425985307729181
0.00426519943608865
0.00427011763005738
0.0042750502517634
0.0042804449501742
0.00428585704267623
0.0042908359661875
0.00429582975011624
0.00430129163655258
0.00430677143998312
0.00431181292261377
0.00431686971416407
0.00432240081910356
0.00432795038314038
0.00433305632164856
0.00433817803411486
0.00434378046289669
0.00434940191295168
0.00435457427432737
0.00435976289199196
0.00436543882823727
0.00437113436892781
0.00437637519362181
0.00438163277502821
0.00438738448426081
0.00439315640308484
0.00439846780842742
0.00440379648984616
0.00440962632332645
0.00441547699455405
0.00442086117837531
0.00442626317747443
0.00443217357626004
0.00443810546505557
0.00444356470952054
0.00444904232925412
0.00445502983138146
0.00446100595037157
0.00446647488278011
0.00447193102497034
0.0044778654318129
0.00448378543920808
0.00448918797776028
0.00449456092318078
0.00450038557035458
0.00450617698444493
0.0045114622599857
0.00451672124837108
0.00452242584451686
0.00452810150031032
0.00453328410192719
0.00453844389745338
0.00454404425725912
0.00454961961709825
0.0045547134346808
0.00455978763336045
0.00456529825140136
0.00457078747849757
0.00457580523565363
0.00458080629427419
0.00458624045361024
