0
0.0016769624003748
0.00335267839283891
0.00502712318286679
0.0177560421121772
0.0304124607441215
0.0429963569850046
0.0555081712544758
0.0785830387190643
0.101415180906077
0.124008737418945
0.14636787179881
0.154424174544204
0.162450243304793
0.170446339777006
0.178412693413651
0.186349500260477
0.227674597721273
0.268212261798698
0.298487111342123
0.328334618333475
0.357765943246876
0.367005420155495
0.376204565678338
0.385363721892327
0.394483229593467
0.403563426757789
0.433366608596425
0.462754075998548
0.491737621991305
0.497701658496981
0.503648903764804
0.509579459920672
0.515493429018352
0.521390911968622
0.560135775732195
0.598187008698876
0.620788519332882
0.643154459007073
0.665290704693966
0.679774354876671
0.694162161160716
0.708455745349868
0.722656712266751
0.7372024674947
0.751653182778118
0.766010558325491
0.780276275165392
0.793177374050527
0.806005213948712
0.818761020671133
0.831446007773131
0.844061376547855
0.847799066610843
0.851530738139763
0.855256422123582
0.858976149505598
0.862689951093514
0.901163181064436
0.939026571250133
0.953361345345449
0.967613560853009
0.981785023307955
0.99587752607552
1.00448152614977
1.01305690215932
1.02160405500573
1.03012338316835
1.03861528242234
1.05460773124482
1.07050603825837
1.08631280443395
1.10203059544807
1.10382066159648
1.10560960314454
1.10739742394775
1.1091841278363
1.11096971856618
1.12876521319575
1.14645345208219
1.15219777701557
1.15793121369728
1.1636538864485
1.16936591936331
1.17506743585074
1.19981346187406
1.22437181250881
1.24673919127697
1.26896445432592
1.29304378307891
1.3169721691241
1.33879344169392
1.36050234777333
1.38405197437714
1.40748475559121
1.42888091448046
1.45019238229038
1.47333967190962
1.49640189198337
1.51748564380122
1.53851054377943
1.5613743512103
1.58418281277412
1.60505953547895
1.62590162208065
1.64859327767863
1.67125749483143
1.69202608167582
1.71278280926275
1.73540697693186
1.75803000054683
1.77878358848004
1.79954681261659
1.82220222381896
1.84488134390542
1.86570793021435
1.88656449824429
1.90934456655934
1.93217189658063
1.9531548485753
1.97418708456679
1.99718040666825
2.02024335602508
2.04146181976778
2.06274791011771
2.08603866035947
2.10942030257301
2.13094951786
2.15256380504847
2.17623203214168
2.20001137754058
2.22192290748631
2.24393610058637
2.26805793603123
2.29231011888664
2.31467200346638
2.33715131497885
2.36179910391475
2.38659549491109
2.4094723386302
2.43248155797204
2.45772392387336
2.48313217949664
2.50658518392755
2.5301846984127
2.55608655354102
2.58217061437162
2.60625756660184
2.63050434098758
2.65712685468794
2.6839469046799
2.70872213272832
2.73366965834495
2.76107019513457
2.7886825937418
2.81419689972629
2.83989512386565
2.86812716281449
2.89658436129766
2.92288494258679
2.94938018821297
2.97849323437889
3.00784368682046
3.0349740546038
3.06230893959641
3.0923484372886
3.12263651579575
3.15063641949731
3.17884978358418
3.20985704003286
3.24112296236688
3.2700283271515
3.29915517348048
3.3311673001418
3.36344707663288
3.39328995996598
3.42336141695696
3.45641129423624
3.48973669938122
3.52054527125195
3.55158857901261
3.58570484870517
3.6201034213607
3.6519019714187
3.68394049565336
3.71914758393389
3.75464265856245
3.78745163209818
3.82050490713422
3.85682307952469
3.89343384957444
3.92726991303421
3.96135371437748
3.9987991628314
4.03654077607283
4.07141691167887
4.10654335742049
4.14512831851244
4.18401200304831
4.21993763111651
4.25611531057363
4.29584821280233
4.33588143153285
4.37286255826606
4.41009668546471
4.45098232287982
4.49216895345604
4.5302083413471
4.56850093035301
4.61054065910653
4.65288119584516
4.69197855335293
4.71744299528324
4.74538666637554
4.77351445049284
4.7994704504486
4.82558219718075
4.85423522696069
4.88307197544448
4.90967732102009
4.93643733355254
4.96579582921753
4.99533654234973
5.02258619945787
5.04998910367553
5.08004682287541
5.11028489518321
5.13817249349334
5.1662116280675
5.19696096788864
5.22788847288073
5.25640646527438
5.28507402509374
5.31650617530559
5.34811401782233
5.37725381946526
5.40654099409394
5.4386460871953
5.4709241525123
5.50067627661483
5.53057338507725
5.56334064191614
5.59627794001698
5.62663212882753
5.65712874931168
5.69054661881077
5.72413142242737
5.75507677223428
5.78616186554548
5.82021815732893
5.85443813261293
5.88596321177134
5.91762523760979
5.95230724658835
5.98714957553557
6.01924253477124
6.0514695601391
6.08676418236047
6.12221567635691
6.15486435082102
6.1876441500832
6.22353798938746
6.25958519347369
6.29277719622704
6.32609734255005
6.36257680778248
6.39920609543945
6.43292890222861
6.46677685030042
6.5038282430224
6.54102590146415
6.57526794694439
6.60963523677643
6.64725408916388
6.68502370352809
6.71979385376138
6.75469328314091
6.7928971115398
6.83125640194652
6.86657138491393
6.90201947322953
6.94082596060724
6.97979224416367
7.01566762240626
7.05167962206376
7.0911050330818
7.13069421399664
7.16714426354354
7.20373415090843
7.24379337161215
7.28401998806967
7.32105774304949
7.35823826318542
7.3989448497165
7.43982212247177
7.47745941960495
7.51524213068925
7.55660835764983
7.59814823833065
7.63639576119826
7.67479107875893
7.71682798742592
7.7590412067285
7.79790852997374
7.83692577108817
7.8796432176121
7.92253933350701
7.96203496706151
8.00168239459481
8.04508909825287
8.0886765442554
8.12880797762776
8.16909284453645
8.21319643605447
8.25748256956154
8.29825631618002
8.33918490986304
8.38399197977638
8.42898313042948
8.47040477199341
8.51198245863721
8.55749860562407
8.60320012362362
8.6452743543887
8.68750562322566
8.7337355023183
8.7801518065885
8.82288247748899
8.8657709848674
8.91271835542574
8.95985298151017
9.00324314400458
9.04679175715389
9.09445953047178
9.14231517802678
9.18636712754356
9.23057796790938
9.27896825431501
9.32754683406117
9.37226215291509
9.41713663893405
9.46625079424263
9.51555347423177
9.56093307388075
9.606471963065
9.65631063424211
9.70633877978019
9.75238513320135
9.79859312083949
9.84916487859209
9.89993002470872
9.94665567376614
9.99354622626801
10.0448659918626
10.096382899885
10.1438012140961
10.1913875116032
10.2434694303467
10.2957520229866
10.3438755818091
10.392170021081
10.4450273966972
10.498088768488
10.5469294034298
10.5959436444011
10.6495889902401
10.703441458028
10.7530102981959
10.8027553087718
10.8572003957673
10.9118555458116
10.9621630603789
11.0126491582078
11.0679050596155
11.1233737915424
11.1744298293916
11.2256667208725
11.2817438540587
11.3380364219312
11.3898502487055
11.4418470654549
11.4987552309738
11.555881281706
11.6084616144733
11.6612269474489
11.7189753656174
11.7769439749357
11.8302990146437
11.8838409461003
11.9424382912535
12.0012579973832
12.0553954592667
12.1097215926977
12.1691760252895
12.2288548605259
12.2837820026061
12.3388994908093
12.3992186875051
12.4597642078108
12.5154878576148
12.5714034290071
12.6325946108984
12.6940139236553
12.7505405032705
12.8072604865621
12.8693304456238
12.9316302356557
12.9889657852224
13.0464961325533
13.1094512564507
13.1726379435529
13.2307887104995
13.289136425666
13.3529857257707
13.4170699317106
13.4760467364252
13.5352232612685
13.5999793805423
13.6649734813271
13.7247873526474
13.7848033785423
13.8504775763317
13.9163924360993
13.9770530026916
14.0379178329162
14.1045198752944
14.1713648860152
14.2328804446483
14.2946020683805
14.3621403095489
14.4299234720739
14.4923010614777
14.5548862271611
14.6233676888517
14.6920956917275
14.7553411643668
14.8187954509889
14.8882258995872
14.9579041955915
15.0220222873454
15.0863501736169
15.1567341949903
15.2273670753652
15.2923614730873
15.3575664044957
15.428907476493
15.5004981428393
15.5663715497631
15.6324560034598
15.7047565660365
15.7773071998206
15.8440613987627
15.9110269462383
15.9842884691568
16.0578002987789
16.1254362130952
16.1932835805949
16.2675066286471
16.3419799940198
16.4104977462659
16.4792268728999
16.5544111686058
16.6298455831948
16.6992445514514
16.7688546449603
16.8449991286983
16.9213933389878
16.9916722108148
17.0621618009568
17.1392646884954
17.2166167308454
17.2877735548403
17.3591405443772
17.4371993817838
17.515506636661
17.5875388716049
17.6597805848747
17.7387923007901
17.8180515443635
17.8909561059511
17.9640693350226
18.044030290303
18.1242377434079
18.1980110485662
18.2719920969871
18.3528981317251
18.4340495062115
18.5086875150253
18.5835322391814
18.665378717131
18.7474692596236
18.8229675148953
18.8986713630115
18.981453213453
19.0644777465615
19.1408314110422
19.2173888107274
19.3010977005876
19.3850445987384
19.4622390282143
19.5396319746961
19.6242458457677
19.7090917676753
19.7871058025124
19.8653135715823
19.9508104321976
20.036533981507
20.1153484963758
20.1943524450221
20.2807125195185
20.3672944653492
20.4468922772019
20.5266756625825
20.6138811985807
20.7013042854484
20.7816699826842
20.8622177944402
20.9502528837029
21.0385016560061
21.1196214406075
21.2009202459994
21.2897706590849
21.3788312992145
21.4606928412186
21.5427306424441
21.6323836764515
21.722243855805
21.8048361594417
21.8876022624574
21.9780466011178
22.0686953432634
22.1520086240625
22.235493518209
22.3267191035522
22.4181466587718
22.5021722309326
22.5863674786531
22.6783653934819
22.7705631239233
22.8552932972428
22.9401914331962
23.0329537936066
23.1259140682903
23.2113420539637
23.2969364928484
23.3904563500597
23.4841724490089
23.5702922736364
23.6565772260685
23.7508484768532
23.8453145036465
23.9321209308142
24.0190913341483
24.1141087074255
24.2093196801736
24.2968084335418
24.3844603029831
24.4802197259277
24.5761717738037
24.6643393862684
24.752669303758
24.8491670759086
24.9458565272702
25.0346996549777
25.1237042995866
25.2209368259086
25.3183601111322
25.407875501066
25.4975516399011
25.5955154181276
25.6936690571605
25.7838535357837
25.8741980128391
25.9728896215709
26.0717702122896
26.1626206750859
26.2536304009948
26.3530464887696
26.4526506962901
26.5441640981618
26.6358360407908
26.7359733160526
26.836297862923
26.9284712093825
27.0208023852044
27.1216576071059
27.2226992643143
27.3155296034106
27.4085170695987
27.5100870395732
27.6118426183111
27.7053270332347
27.7989678804226
27.9012494344686
28.0037157785909
28.0978513809062
28.1921427265633
28.295132728185
28.3983067073136
28.4930906307697
28.5880296131444
28.6917249468992
28.7956034501203
28.8910328449961
28.9866166175825
29.0910141831874
29.1955941132963
29.2916661412375
29.3878918677242
29.4929885746775
29.5982668429271
29.6949786722364
29.7609928097795
29.8330908582114
29.9053139430254
29.9716610920482
30.0381140438539
30.1106929536781
30.1833969192397
30.2501848132886
30.3170781632034
30.3901368315841
30.4633201345462
30.5305472963389
30.5978795584172
30.6714163648229
30.7450773854708
30.8127423302837
30.8805120204488
30.9545253474198
31.0286624687443
31.0967637138419
31.1649693495038
31.2394575806174
31.3140691860746
31.3826052486662
31.4512453467182
31.5262068644566
31.6012913358883
31.670260731264
31.739333806261
31.8147669900739
31.8903227058173
31.9597239456556
32.02922850816
32.1051317327058
32.1811566138719
32.2509870318197
32.3209191925482
32.3972863143794
32.4737726449866
32.544024223287
32.6143755679257
32.6911974859095
32.7681364242893
32.8388012958879
32.9095641993764
32.986832878656
33.0642166629683
33.1352879376526
33.206455728665
33.2841641457666
33.3619859973267
33.4334576628323
33.5050245252693
33.5831665631257
33.6614205842173
33.7332874149153
33.8052482989029
33.8838186524798
33.9624997345772
34.0347572094912
34.1071077514877
34.1861018430793
34.2652055844886
34.3378498137326
34.4105862648515
34.4900001680981
34.5695228000874
34.6425504588949
34.7156696206316
34.7954999923922
34.8754383129665
34.9488465825511
35.0223457491717
35.1025897684632
35.1829410830148
35.2567275975754
35.3306045044946
35.4112598177842
35.4920218859217
35.5661846851673
35.6404374627072
35.7215021349086
35.8026731228338
35.8772106094641
35.9518377414411
36.0333102120307
36.114888649893
36.1897995515247
36.2647998381693
36.3466788818943
36.4286636256091
36.5039469606885
36.5793194854475
36.6616041771498
36.7439943742176
36.8196494215058
36.8953935213251
36.9780832044531
37.0608782633632
37.136904534621
37.2130197733454
37.2961140317688
37.3793135946127
37.4557108101518
37.5321969547155
37.6156955874977
37.6992995054558
37.7760675722553
37.8529245713706
37.936827570188
38.020835881589
38.0979748737074
38.17520283879
38.2595103677195
38.343923278401
38.4214334194429
38.4990326075367
38.5837449849632
38.6685628506911
38.7464444981117
38.824415296603
38.9095329790224
38.9947562897519
39.0730099208051
39.1513528337386
39.2368764012557
39.3225057670398
39.4011319661965
39.479847602021
39.5657777453649
39.6518138837352
39.7308133314168
39.809902392012
39.896239900906
39.9826836255719
40.0620570880581
40.1415203589055
40.2282661116504
40.3151183223744
40.3948666397684
40.4747048445011
40.5618592701609
40.6491198077342
40.7292421471877
40.8094538585816
40.8970149188554
40.9846814855766
41.065175709145
41.1457588092878
41.2337242324086
41.3217945952162
41.4026586873338
41.4836111918642
41.5719788496602
41.6604509150116
41.7416829842897
41.8230030293293
41.9117709207641
42.0006427181015
42.0822409824861
42.163926810163
42.2530930459865
42.3423627128152
42.424325486258
42.5063754317227
42.5959382207062
42.6856039892145
42.7679296697232
42.8503421495073
42.9402997861037
43.0303599711687
43.1130470300963
43.1958205316785
43.2861713849637
43.3766243734042
43.4596713458504
43.542804418309
43.6335469220739
43.7243911630214
43.8077966392362
43.8912878848751
43.9824205287522
44.0736545250287
44.1574171427127
44.24126114388
44.3327658829882
44.4243526282808
44.5084161147494
44.5925376256957
44.6843178835657
44.7761534687066
44.8604230385016
44.944729279108
45.0366867162321
45.1286756286179
45.2130660513808
45.2673160974197
45.3264782979839
45.3856484606109
45.4399229816518
45.4941991848513
45.5533781433791
45.6125526195415
45.6668204216461
45.721079800206
45.7802287517363
45.8393619736823
45.8935824275963
45.9477854780465
46.0068626590351
46.0659141273694
46.1200511612137
46.1741628258744
46.2331311850889
46.2920649814078
46.346086612503
46.400075816596
46.458902521744
46.5176868269728
46.5715647303803
46.6254039603535
46.6840599499
46.7426666073359
46.7963757248229
46.8500406465319
46.9085002242486
46.9669043446227
47.0204225315096
47.0738916456551
47.1321321150136
47.1903117206425
47.2436194278169
47.2968737599002
47.3548750953106
47.4128108003219
47.4658907886553
47.5189136106857
47.5766581625723
47.6343328862082
47.6871699706408
47.7399465518759
47.7974187826523
47.8548174927369
47.9073983133863
47.9599156974899
48.0171019456148
48.0742114294043
48.1265242471833
48.1787710533157
48.2356593227679
48.2924679825635
48.3445024969417
48.3964687424584
48.4530485151414
48.509546186221
48.5612933729331
48.6129703155331
48.6692323843033
48.7254101729153
48.7768621395862
48.8282421369199
48.8841784571201
48.9400285964657
48.9911784542933
49.0422548392113
49.0978583967711
49.1533741190836
49.2042158688849
49.2549828386697
49.3102475330108
49.3654229560141
49.4159513870952
49.4664039051742
49.5213244453261
49.576154471517
49.6263650719778
49.6764987807602
49.7310705932448
49.7855508205985
49.8354396978189
49.8852508414358
49.9394699886274
49.9935966314649
50.0431604416473
50.0926457974974
50.146508905294
50.2002787241827
50.249514609942
50.2986714280606
50.3521756218271
50.405585861502
50.4544913966004
50.5033173459741
50.5564601938259
50.6095085282294
50.6580816686509
50.7065747896918
50.7593542522905
50.8120387359235
50.8602777765692
50.9084364390522
50.960850825172
51.0131698500404
51.0610733864052
51.1088962522447
51.1609441794531
51.2128964369701
51.2604633312322
51.3079493215447
51.3596296814123
51.4112141286893
51.458443479706
51.5055917456694
51.5569036729883
51.6081195030112
51.6550106197739
51.7018205168444
51.7527633623954
51.8036099776388
51.8501623557873
51.8966334208895
51.9472067273487
51.9976837164314
52.0438970174761
52.0900289488221
52.140232429444
52.1903395464759
52.2362135794139
52.2820062186477
52.331839738405
52.3815768847121
52.4271115897615
52.4725649061598
52.5220284650548
52.5713956730092
52.6165911072152
52.6617051837068
52.7107989020025
52.7597963207119
52.8046526452084
52.8494276660008
52.8981517711502
52.946779653792
52.991297106686
53.0357332738454
53.0840879293235
53.1323463181736
53.1765248603259
53.2206220914175
53.2686071729514
53.3164959831345
53.3603355619253
53.4040938456876
53.4517093901699
53.4992287073592
53.5427294427334
53.5861489382778
53.633395164366
53.6805452508487
53.7237074202488
53.766788439893
53.8136657283336
53.860447003695
53.9032710247827
53.946014017232
53.9925228930613
54.0389359169071
54.0814223321573
54.1238278675169
54.1699689841997
54.2160144407609
54.2581639037355
54.3002326601557
54.3460067854543
54.3916854698701
54.4334987329875
54.4752314847653
54.520639488148
54.5659522942445
54.6074301978828
54.6488278048604
54.6938706462833
54.7388185556844
54.7799620184721
54.8210254165912
54.8657041365024
54.9102882089269
54.9510982190923
54.9918284119773
55.0361441224104
55.0803654870271
55.120843094689
55.1612411461474
55.2051950227844
55.2490548705075
55.289201180806
55.3292682081442
55.3728614832427
55.4163610598655
55.4561772268396
55.4959143949059
55.5391483509944
55.5822889510692
55.6217761721987
55.6611846880734
55.7040606523311
55.7468436137133
55.7860031250539
55.8250842333146
55.867603572561
55.9100302715442
55.9488633433888
55.9876183218887
56.0297824381149
56.0718542850921
56.1103622181016
56.1487923742043
56.1906027005867
56.2323211361805
56.2705052579317
56.3086119251512
56.3500699224957
56.3914364141043
56.4292980760095
56.4670826110126
56.508189756761
56.549205582367
56.5867457633552
56.6242087181677
56.6649650780589
56.7056298717113
56.7428478974429
56.7799885064347
56.8203931873395
56.8607061040949
56.8976012364742
56.9344188060848
56.9744711047417
57.0144314927244
57.0510031774774
57.0874971945238
57.1271965988818
57.1668039917375
57.2030518398732
57.2392219518596
57.2785681197596
57.3178222159218
57.3537459852641
57.3895919824408
57.4285847226659
57.4674853669958
57.5030849458415
57.538606745333
57.5772460008441
57.6157931683855
57.6510685610464
57.6862661928076
57.7245520259094
57.7627458075151
57.7976971215237
57.8325707159117
57.8705032951251
57.9083438847354
57.9429713195215
57.9775210962959
58.015100684738
58.0525883681197
58.086892204986
58.1211184635711
58.1583454086677
58.1954805534442
58.2294611466908
58.263364257552
58.3002389819277
58.3370220287491
58.3706797978125
58.4042601948197
58.4407831882283
58.4772146429495
58.510550065439
58.5438082390992
58.579980051274
58.6160604780243
58.6490740835503
58.6820105750115
58.7178318093282
58.7535618243675
58.7862541890713
58.8188695848059
58.8543408926639
58.8897211589356
58.922092900638
58.9543878277276
58.9895099035673
59.0245411258659
59.0565928997634
59.0885680217163
59.1233415985966
59.1580245192799
59.1897570141254
59.221413027163
59.2558388728365
59.2901742680185
59.3215882027297
59.3529258324896
59.3870047459162
59.4209934220855
59.4520895427321
59.4831095413385
59.5168423495877
59.5504851406023
59.5812642177279
59.6119673611877
59.6453549166842
59.6786526810988
59.7091155073394
59.7395025932252
59.7725457712987
59.8054993899871
59.8356467779514
59.8657186233402
59.898418320044
59.9310286940815
59.9608614744633
59.9906189140994
60.0229760442671
60.0552440930439
60.0847631129401
60.1142069975983
60.146222493111
60.17814915265
60.2073552740596
60.2364864690851
60.2681612773252
60.2997474987801
60.328641597265
60.3574609812688
60.3887960637394
60.4200428120534
60.4486257755412
60.4771342392349
60.5081305703252
60.5390388230308
60.5673115507445
60.5955099958969
60.6261685617771
60.656739307923
60.6847027094217
60.7125920479252
60.7429138455567
60.7731480847444
60.8008030790639
60.8283842320966
60.8583702683438
60.8882690098643
60.9156165247454
60.9428904220186
60.9725417128512
61.0021059749081
61.0291469461032
61.0561145251851
61.08543209496
61.1146629039717
61.1413982746197
61.1680604803262
61.1970453611413
61.2259437511107
61.2523744711746
61.2787322550195
61.30738548613
61.3359524980763
61.3620795238339
61.3881338435326
61.4164564708235
61.444693152268
61.4705174458521
61.496269264872
61.5242623403804
61.5521697448807
61.577692273862
61.6031425610146
61.630807142496
61.6583863292229
61.6836080662308
61.7087577953015
61.7360949458359
61.7633469791889
61.7882689015666
61.8131190509771
61.8401298386096
61.8670557878655
61.8916788773556
61.9162304298559
61.9429159272687
61.9695168662616
61.9938421087179
62.0180960511045
62.0444573353165
62.0707343421435
62.0947627272678
62.1187200501254
62.1447582022163
62.1707123589685
62.1944448800675
62.2181065775312
62.2438226823886
62.2694550749018
62.2928927286646
62.3162597982011
62.3416549442859
62.3669666619123
62.3901104482037
62.4131838904085
62.4382591695389
62.4632513049344
62.4861022266042
62.5088830450143
62.5336395521648
62.5583132010926
62.580872263798
62.6033614647175
62.6278002978329
62.6521565589797
62.6744247710203
62.6966233633578
62.7207456231789
62.7447855979843
62.766763970148
62.7886729652649
62.8124797551657
62.8362045476626
62.8578940930807
62.8795145046494
62.9030069304847
62.9264176471484
62.9478193811609
62.9691522250303
62.9923313949925
63.0154291446003
63.0365440846273
63.057590378698
63.0804574031817
63.1032432966791
63.1240724621013
63.1448332262058
63.1673892176802
63.1898643680555
63.2104087800995
63.2308850358904
63.2531311087782
63.2752966309427
63.295557312573
63.3157500834159
63.3376873539783
63.359544364653
63.3795223404697
63.3994326513412
63.4210622375687
63.4426118551763
63.4623081513163
63.4819370287078
63.5032600502154
63.5245033947769
63.543919038821
63.5632675106455
63.5842850885733
63.6052232816093
63.62435928329
63.6434280825797
63.6641406818808
63.6847733653131
63.7036287824983
63.7224164732612
63.7428219679193
63.763146961064
63.7817196744066
63.8002242218568
63.8203205251886
63.8403360054291
63.8586245540098
63.8768447686765
63.8966308281005
63.9163358737639
63.9343395441549
63.9522747354889
63.9717498602671
63.9911438155826
64.0088620341049
64.0265116533138
64.0456752739116
64.0647575967513
64.0821898896476
64.0995534848344
64.1184051340121
64.1371753813858
64.1543213631312
64.1713985681192
64.1899378691787
64.2083956858528
64.2252550490295
64.2420455735289
64.2602722299301
64.278417338367
64.2949898447125
64.3114934656251
64.3294072518041
64.3472394432639
64.3635249157531
64.3797414694804
64.3973422227259
64.4148613493945
64.4308596652333
64.4467890408709
64.4640766541362
64.4812826221577
64.4969937065826
64.5126358398951
64.529610255434
64.5465030187425
64.5619268395297
64.577281707616
64.5939429113472
64.6105224662036
64.6256590288059
64.6407266453733
64.6570746618876
64.6733410420387
64.6881903852761
64.7029707964522
64.7190056845872
64.7349589569757
64.749521149215
64.764014429835
64.7797362787519
64.7953765397113
64.8096516754786
64.8238579257924
64.8392668514957
64.8545942233756
64.868582420351
64.8825017631011
64.8975979053509
64.9126125335221
64.9263139298718
64.9399465077003
64.9547300272709
64.969432077466
64.9828468294739
64.9961928026198
65.0106638788648
65.0250535348166
65.0381818147807
65.0512413590336
65.0654001877234
65.0794776490664
65.0923196434291
65.1050929483112
65.1189397397105
65.1327052201151
65.1452611278012
65.1577483949511
65.1712833721089
65.1847370976233
65.1970071285615
65.2092085702962
65.222431967526
65.2355741750998
65.2475585489081
65.2594743869437
65.27238644847
65.2852173846413
65.2969163294565
65.3085467937696
65.3211477725238
65.3336676922499
65.3450814436854
65.3564267714998
65.3687169280474
65.3809260936639
65.3920548938823
65.4031153287655
65.4150949303513
65.426993610645
65.437837707531
65.4486134985904
65.4602828182877
65.4718712876704
65.4824309340948
65.4929223352613
65.5042816512136
65.5155601889864
65.5258356421501
65.5360429115395
65.5470925062858
65.558061395983
65.5680529168325
65.5779763161771
65.5887164760496
65.5993760048554
65.6090838575624
65.6187236517043
65.6291546662929
65.6395051245206
65.6489295760182
65.6582860324584
65.6684081941339
65.6784498747631
65.6875911943336
65.6966645828306
65.7064781863199
65.7162113845849
65.7250698434922
65.7338604357055
65.7433657777146
65.7527907907382
65.7613666619025
65.7698747310752
65.7790721099541
65.7881892364227
65.7964827941312
65.8047086148092
65.8135983302553
65.8224078701315
65.8304193897819
65.8383632375653
65.8469455903607
65.8554478446287
65.8631776025037
65.870839753827
65.8791150456069
65.8873103160483
65.8947585891161
65.9021393210555
65.9101078541047
65.917996443102
65.9251635088418
65.9322630989456
65.9399251760208
65.9475073863855
65.9543935226351
65.9612122487767
65.9685681729514
65.9758443077747
65.9824497925988
65.9889879328491
65.9960380073802
66.0030083699049
66.0093334814816
66.0155913140001
66.0223358422142
66.0290007357251
66.03504575225
66.0410235551925
66.0474628403893
66.0538225681219
66.0595877677277
66.0652858191697
66.0714201645432
66.0774750296081
66.0829606902994
66.0883792681738
66.0942089767483
66.0999592820713
66.1051656816727
66.1103050637212
66.1158304383021
66.1212764865787
66.1262039026958
66.1310643664331
66.1362857095711
66.141427803234
66.1460765132272
66.1506583359172
66.1555759498859
66.1604143910854
66.1647846720547
66.169088130698
66.1737023174834
66.1782374080806
66.1823295368614
66.1863549081942
66.1906659694963
66.1948980110673
66.1987122642376
66.2024598247403
66.2064680619863
66.210397355838
66.2139340097352
66.2174040356524
66.2211097500205
66.2247365972173
66.2279959279654
66.2311886953351
66.2345921877896
66.2379168891916
66.2408991727382
66.2438149574313
66.2469165287682
66.2499393850791
66.2526448972422
66.2552839750112
66.2580839259146
66.2608052377409
66.2632342542653
66.2655969008033
66.2680955319121
66.2705155998324
66.2726683964559
66.274754887465
66.276952564791
66.2790726214572
66.2809507404155
66.2827640382724
66.2846652656114
66.2864907174447
66.2881003386489
66.2896472251871
66.2912602502026
66.2928004001857
66.2941504835212
66.2954399979655
66.2967749908106
66.2980395579516
66.2991390190763
66.3001798780805
66.3012460802565
66.3022440485007
66.3031009029485
66.3039009146717
66.3047065954519
66.3054460035748
66.3060674244681
66.3066335775534
66.3071861395791
