-56.944356
-56.8993334303233
-56.8542786409639
-56.8091917674816
-56.4643156318461
-56.1175925864154
-55.7690440565518
-55.4186899371776
-54.7625254023639
-54.1003066166185
-53.4321548665767
-52.7581908319713
-52.5122118581997
-52.2654891791303
-52.0180284470801
-51.7698353326107
-51.5209155273276
-50.1980151330309
-48.8559375229145
-47.8244515553429
-46.7827355035452
-45.7311433351155
-45.395971642453
-45.0598550603764
-44.7228046969358
-44.3848316362176
-44.0459469383553
-42.916957919049
-41.7784849324453
-40.6309243794054
-40.3917244824481
-40.1521538250596
-39.9122159004065
-39.671914196258
-39.4312521948512
-37.8245163423469
-36.2030617231418
-35.2195084240128
-34.2311930291879
-33.2383309632728
-32.5808044240303
-31.9214525631896
-31.2603362186224
-30.5975159455219
-29.9124351908772
-29.2256730553134
-28.537294941571
-27.8473659239264
-27.2183571764131
-26.5881667340903
-25.9568428892404
-25.3244337034632
-24.6909870060454
-24.5024505740663
-24.3138278762885
-24.1251201579859
-23.9363286626604
-23.7474546319038
-21.9642516
-20.29725974481
-19.6593610000001
-19.02146225519
-18.3835635103801
-17.7456647655702
-17.3544703999999
-16.9632760344299
-16.5720816688597
-16.1808873032894
-15.7896929377193
-15.0495798
-14.3094666622807
-13.5693535245614
-12.8292403868421
-12.7446892
-12.6601380131579
-12.5755868263158
-12.4910356394737
-12.4064844526316
-11.5609725842106
-10.7154607157896
-10.4397986
-10.1641364842104
-9.88847436842079
-9.61281225263117
-9.33715013684155
-8.13490799999998
-6.93266586315842
-5.83001740000005
-4.72736893684158
-3.52512679999992
-2.32288466315845
-1.22023619999998
-0.117587736841607
1.08465440000005
2.28689653684162
3.389545
4.49219346315846
5.69443559999993
6.8966777368416
7.99932619999997
9.10197466315844
10.3042168000001
11.5064589368416
12.6091074
13.7117558631584
14.913998
16.1162401368416
17.2188886
18.3215370631585
19.5237792
20.7260213368416
21.8286698
22.9313182631584
24.1335604
25.3358025368416
26.4384510000001
27.5410994631584
28.7433416
29.9455837368417
31.0482322
32.1508806631585
33.3531228
34.5553649368416
35.6580134
36.7606618631585
37.962904
39.1651461368416
40.2677946000001
41.3704430631584
42.5726852
43.7749273368416
44.8775758
45.9802242631585
47.1824664
48.3847085368416
49.487357
50.5900054631585
51.7922476
52.9944897368415
54.0971382000001
55.1997866631584
56.4020288
57.6042709368416
58.7069194
59.8095678631585
61.01181
62.2140521368416
63.3167005999999
64.4193490631585
65.6215912000001
66.8238333368415
67.9264818000001
69.0291302631585
70.2313724
71.4336145368416
72.536263
73.6389114631585
74.8411536
76.0433957368416
77.1460442
78.2486926631585
79.4509348000001
80.2545873183854
80.8052944451512
81.3455233256315
81.9229598709675
82.4883059535801
82.9961879223688
83.493996707373
84.0254541976367
84.5452782785151
85.0119530518014
85.4691025997811
85.9568345593177
86.4335562840695
86.8612501746204
87.2799545433101
87.7263877101107
88.1624628894757
88.553455585475
88.9360158863608
89.34367941325
89.7416555941681
90.098298044546
90.4470774626433
90.8185599236534
91.1810359499252
91.5057188531582
91.823113225768
92.1610308310557
92.4906250811851
92.7857501128118
93.0741597667496
93.38112639459
93.6804475598719
93.9484012109055
94.2102054197423
94.4888054892508
94.7604262156187
95.003556304172
95.2410904634362
95.4938548113049
95.7402883787698
95.9608833719626
96.1764190044397
96.4058038658925
96.6294839868353
96.8297551919171
97.0254828267543
97.2338519509859
97.4371156997786
97.6191823207245
97.7971972285218
97.9868070936062
98.1733543612201
98.3403656819586
98.5038316549041
98.6781776761962
98.8485707041039
99.0012575594032
99.150844863347
99.3105488001957
99.4668028076743
99.6069394265278
99.7443855827705
99.8913063871488
100.03524474544
100.164473772993
100.291391193158
100.427251912275
100.560561646621
100.680400297169
100.798275678896
100.924662185529
101.048893060024
101.16073268954
101.270927010746
101.389288459992
101.505853906488
101.610961245319
101.714711367607
101.82636234511
101.93654201866
102.036061841135
102.134483495453
102.240607609993
102.345551324553
102.440510330878
102.534602262149
102.636256941289
102.736989746606
102.828301439993
102.918950496043
103.01707275389
103.114500925854
103.202971279112
103.290958241175
103.38637120119
103.481288932639
103.56762265246
103.653628619213
103.747048591516
103.840145187545
103.924952400819
104.009565554342
104.101609485286
104.193476885811
104.277280089709
104.361002689399
104.4521958206
104.543336292538
104.731789384374
105.217267922969
105.743562528844
106.266701051908
106.743799167492
107.218281899041
107.732651414077
108.243980820588
108.7103515355
109.174212563241
109.67712416397
110.177120521115
110.633201249761
111.086877468905
111.578806438304
112.067943965965
112.514168732347
112.958093061356
113.439509888552
113.918257572638
114.35505523385
114.789655072261
115.261023838371
115.729843856381
116.157636689277
116.583332534023
117.045109438195
117.504455720734
117.92365813333
118.340862320383
118.793494343136
119.24381127337
119.654828643131
120.063944216422
120.507867921984
120.949589174328
121.35281681422
121.75423652233
122.18987700017
122.623424518004
123.019246769787
123.413352189604
123.841122133896
124.266905244711
124.655694697718
125.042855483
125.463154407478
125.881569072576
126.263685905083
126.644259156791
127.057472741277
127.468900936029
127.844692375322
128.219022129589
128.625521693463
129.030330913139
129.400130809506
129.768547638296
130.168689735276
130.567232620622
130.931361129766
131.294181848537
131.688307976435
132.08092205247
132.439685420222
132.79721289636
133.185649314858
133.572656835817
133.926347278554
134.278870333879
134.661927982928
135.043635875844
135.392531549666
135.740324949982
136.118299461099
136.669422319709
137.174206305794
137.678285387715
138.227106368366
138.775152478215
139.27718680886
139.778617573812
140.324670890801
140.870070717548
141.369777891251
141.868979847641
142.412713888047
142.955905962306
143.453679940117
143.951038924976
144.492865183221
145.034251746298
145.530453807103
146.026323582047
146.566619270421
147.106568976371
147.601530169203
148.096234831215
148.635345458456
149.174195902064
149.668219322834
150.162055539914
150.700297302311
151.238357363514
151.731720266627
152.22495935153
152.762621351074
153.300173370022
153.793129127608
154.286018962078
154.823365264848
155.360667060445
155.853446980702
156.346213801428
156.88348534815
157.42077209171
157.913587106796
158.406437163287
158.943853542918
159.481339497542
159.974381730502
160.467502824181
161.005263920423
161.543144055744
162.036588275174
162.530151188166
163.068438707961
163.606890199128
164.100895169506
164.595054990931
165.134033883255
165.67321750227
166.167927237273
166.662824594199
167.202644366796
167.742705773709
168.238250699257
168.734012898917
169.27480884004
169.8404245259
170.408084609552
170.973884583081
171.588680522253
172.201310750373
172.761328887795
173.319567229205
173.926219891145
174.530811098377
175.083542669947
175.634581085725
176.233482491268
176.83042301491
177.376220957954
177.920409026291
178.511936351956
179.101599360548
179.64080260291
180.178475832664
180.762990864875
181.345734084076
181.87866734778
182.410147008883
182.98799598412
183.56416156178
184.091135260141
184.616728300968
185.188241838404
185.758156300459
186.279466517101
186.799465562411
187.364958682779
187.928932973708
188.444861517692
188.95954494123
189.519317165381
190.077646766621
190.588461297554
191.098093363127
191.652428883485
192.205394002934
192.711348219712
193.216179284373
193.765347202315
194.313213027922
194.814546914694
195.31481368759
195.859068309711
196.402085320131
196.899025443035
197.394951293485
197.934532479783
198.472936805129
198.96569665344
199.457491961926
199.992625519025
200.526639344903
201.015419710396
201.503282256288
202.034180369054
202.564012377278
203.049001765797
203.533117145888
204.059978841027
204.585824680693
205.067199750201
205.547741822376
206.070753457929
206.592796240839
207.070722260516
207.547853607208
208.067189382198
208.585600196991
209.060231522289
209.534103928716
210.04992640759
210.564864847319
211.036345406239
211.50710034877
212.019560995669
212.531175693975
212.999639480203
213.467408620584
213.9766483389
214.485077510335
214.950649079261
215.264917567982
215.610771844275
215.959902473703
216.282836630426
216.608422493375
216.966382955339
217.327356181399
217.660933140236
217.996946856128
218.366037501337
218.73789976381
219.081266992071
219.426878205487
219.806218535172
220.188114385834
220.540507778235
220.894972458759
221.283773636174
221.674936795004
222.035671981757
222.398323827412
222.79587951968
223.195623948236
223.564088300746
223.934330933248
224.340009014923
224.747720834984
225.123366231051
225.500666134837
225.913901184406
226.329031371354
226.711367655762
227.095247797479
227.515534318852
227.937592102911
228.32618118301
228.716215252007
229.143101557253
229.571648469997
229.966098989814
230.36190620414
230.794988898097
231.229633405945
231.629595946374
232.030836372775
232.469755384437
232.910148055193
233.315310811704
233.721681151988
234.166115261848
234.611944414507
235.022029307651
235.433259107594
235.882921924136
236.333909716235
236.748668893852
237.166247316462
237.627964347938
238.089993999892
238.514005716841
238.938274387475
239.401154763039
239.864332636102
240.289385879912
240.714684743357
241.178675647796
241.64295121095
242.069000710329
242.495285431429
242.960339552829
243.425666527335
243.852670681061
244.279900492581
244.745974317521
245.212310133893
245.640230670058
246.068368062356
246.535421548595
247.002727027243
247.431528716468
247.860539156692
248.32853543374
248.796774492321
249.22642488493
249.656276559691
250.125181654448
250.594321039763
251.024790225023
251.455453804708
251.925236390209
252.39524543271
252.826505818405
253.257954241424
253.728585406862
254.199435795978
254.631461906701
255.063670182078
255.535123222405
256.006788801027
256.439557093691
256.872502120525
257.344752344061
257.817208920633
258.250697615807
258.684358018244
259.157382570829
259.630607747626
260.064796675413
260.499152651859
260.972930356201
261.446903372458
261.881773831722
262.31680701713
262.791318226102
263.266019814777
263.701554444617
264.137247784769
264.612474247487
265.08777570289
265.523856945362
265.960094897702
266.435913160182
266.911915217819
267.34863715638
267.785512410508
268.262021423558
268.738710025289
269.176058175747
269.61355620685
270.090740371821
270.568100198127
271.006060742636
271.444167963788
271.922012725399
272.400029482287
272.838589524018
273.277293249195
273.755785011763
274.234445341944
274.673592824513
275.11288118968
275.592007233088
276.071298633992
276.511022267934
276.950884159176
277.430632562365
277.910543311507
278.350832507354
278.791257495464
279.271617066805
279.663801051
280.025163457268
280.388145660751
280.785729412747
281.185169645632
281.553088028079
281.922516980685
282.327006784485
282.733229173033
283.107267475207
283.482718235477
283.893665342419
284.306236121477
284.686008715735
285.067107597333
285.484117784068
285.902656032146
286.287824351662
286.674243347421
287.096970664911
287.521142193563
287.911409282129
288.30286077113
288.731001949127
289.160513884322
289.555619570291
289.951851632564
290.385141127069
290.819737113718
291.219453739331
291.620246010087
292.058451621492
292.497907580916
292.902036224335
293.307196226771
293.750115224094
294.194235601784
294.60260273595
295.011962638269
295.459418331954
295.908032779811
296.320487318336
296.733901066606
297.185739778662
297.638700222051
298.055110907889
298.472451691684
298.92854007764
299.385718123128
299.805971220654
300.227129233278
300.687351915491
301.148636560063
301.572633815646
301.997514274976
302.461771751409
302.927067358394
303.354724198464
303.783245598323
304.251452394965
304.720676905814
305.151920844952
305.584013410328
306.056096449023
306.529179803641
306.96394903834
307.399553360816
307.875450517537
308.352333258935
308.790575425491
309.229641257952
309.709300089364
310.189932131234
310.631603208666
311.074088400754
311.557465019522
312.041804557753
312.486867898883
312.932737456824
313.419795538301
313.907808089683
314.356233565431
314.805458821722
315.296168726738
315.787826280007
316.239589523705
316.692147403852
317.18648540403
317.681765670152
318.136847410192
318.592719785175
319.09066737881
319.589553128917
320.047938599421
320.507111713854
321.008655021781
321.511133502503
321.9728119229
322.435275890052
322.940405122142
323.446467539304
323.911431654747
324.377180010605
324.885888994637
325.395530057312
325.86308448334
326.301929306612
326.780885991759
327.260337300688
327.70049669682
328.141066770601
328.621894634262
329.103203026769
329.54505373727
329.987303302665
330.469949246809
330.953062499402
331.396557860772
331.840441550411
332.324857561101
332.809729124986
333.254827630378
333.700305104697
334.186448491986
334.673036981076
335.119701727784
335.566737122486
336.054569933009
336.54283855372
336.991036734431
337.439598165775
337.929086658937
338.419002702096
338.868705151626
339.318764275701
339.809878457059
340.301412845316
340.752593636881
341.204125257067
341.696838462756
342.189965347522
342.642601433215
343.095583150644
343.589871677345
344.084568079932
344.538638970635
344.993050873015
345.488893648546
345.985139140722
346.440626621195
345.951187861848
345.423912953364
344.903204433488
344.43092709206
343.963912662388
343.46054576715
342.963070654672
342.511543295193
342.064720489715
341.582749149737
341.10604324332
340.673061092314
340.244226331224
339.781263275471
339.322999506745
338.906482583809
338.493723676155
338.047844040126
337.606170149904
337.204466823591
336.806120892517
336.375512169353
335.94866078598
335.560192141512
335.174723007636
334.75775791266
334.344149932536
333.967506468874
333.593543223965
333.188769869466
332.786996704231
332.420921350385
332.057241571952
331.663365561207
331.272171655723
330.915544089925
330.56105851332
330.17692662912
329.795193556576
329.447015952904
329.100754551193
328.725339955144
328.352071998159
328.011456114419
327.672555497736
327.304944342297
326.939255460321
326.605410974747
326.273103015775
325.912482366639
325.553584446647
325.225808448818
324.89941003967
324.545057005355
324.192249292963
323.869916834978
323.548820681978
323.200092649463
322.852752260056
322.535307876735
322.218974242705
321.875300121664
321.532873535294
321.219823646201
320.90777295418
320.568645337352
320.230640786351
319.921546897407
319.613353114813
319.278321267728
318.944301931819
318.638774559668
318.334059287433
318.002722886801
317.672300816617
317.369994064599
317.068421261491
316.740424807736
316.413255503869
316.113862224101
315.81513350209
315.490161337685
315.165938918486
314.869186400113
314.573036832176
314.250808703338
313.929261600557
313.634907729585
313.341102116579
313.021369221585
312.702256348552
312.410086189693
312.118415737938
311.800957210648
311.484064552917
311.193887308645
310.904166674484
310.588786456622
310.273924039895
309.985570346265
309.697635008193
309.384159068562
309.071158263201
308.784477786069
308.498181708976
308.186455571992
307.875166697577
307.590025996541
307.305239556261
306.995126106067
306.685416303208
306.401696933987
306.118305073634
305.80968260357
305.501433943639
305.219030772678
304.936931365255
304.629691845651
304.322799652176
304.041619360043
303.760721754539
303.454769294683
303.149140652975
302.869100405627
302.589324136241
302.284573618962
301.980126053058
301.70115232232
301.422425962665
301.11880183232
300.815462130608
300.537489647221
300.259749793343
299.957184980079
299.654888152992
299.377858977432
299.101049345229
298.79948431029
298.498172665301
298.222035363165
297.946105987414
297.645487875918
297.345110196672
297.06981910692
296.794725630494
296.495007519624
296.195518337528
295.92103292315
295.6467359663
295.347876198188
295.049235146062
294.775519417896
294.501984018598
294.203945608373
293.906116846927
293.633138852404
293.360333969764
293.063084080304
292.766035789239
292.488363262308
292.208125976468
291.903038654886
291.598428712534
291.319463527029
291.040893605901
290.737609355199
290.434786870328
290.157448437636
289.880492622551
289.578954184647
289.277863242818
289.002101420759
288.726710725075
288.426865975473
288.127455752889
287.853224967869
287.579354861889
287.281156409433
286.983380687848
286.710639488148
286.438249461354
286.141654182824
285.845470896443
285.574181546519
285.303234711805
285.008203331485
284.713574157723
284.443702271807
284.17416500809
283.880661718121
283.587551708098
283.3190659194
283.050907548977
282.75889966665
282.467276911655
282.200148573794
281.933341071144
281.64279872962
281.352634060137
281.086836977728
280.821354706781
280.532250576049
280.243517290228
279.979027475847
279.71484695298
279.427155988172
279.139829606926
278.87662506192
278.613724742225
278.327423956643
278.041482002816
277.779542519669
277.517902604243
277.232970864733
276.948392664017
276.687699648184
276.427301910422
276.143719752929
275.860486254421
275.601022563755
275.341850192797
275.059599656141
274.777693270647
274.519443070707
274.261480530373
273.980545006486
273.699949460836
273.442898094533
273.186130996245
272.906495095259
272.627195301073
272.371329171251
272.115744159579
271.837393588313
271.559375523814
271.304681987513
271.05026663709
270.773188089631
270.496438693228
270.242905966464
269.989648689188
269.711489627761
269.397984955567
269.110661289875
268.823551487203
268.510748010854
268.198186550967
267.911713455452
267.625434955273
267.313515676979
267.001815926904
266.716115071447
266.430590927713
266.119474379749
265.808557443814
265.523558550246
265.238720546252
264.928334628155
264.618130702355
264.333771594076
264.049559377802
263.739840302167
263.430287631317
263.146513301646
262.862873481131
262.55376481757
262.24480876986
261.961570557818
261.678455901256
261.369907731061
261.061499979785
260.778754841326
260.496123569778
260.188091738463
259.88018953847
259.597899402054
259.315714564006
259.00816002033
258.70072556818
258.418856764894
258.137085683158
257.829973894582
257.522973762676
257.241496522229
256.960110304766
256.653410740458
256.34681537655
256.06570338149
255.784676488729
255.47836216227
255.172145446758
254.891375438145
254.610685300236
254.304732365088
253.998871219373
253.718422647926
253.438049326134
253.132436717741
252.826910757727
252.546765475179
252.266691362276
251.961400481395
251.656191710889
251.376333696871
251.096543252025
250.791557684496
250.486650223884
250.207065344226
249.92754485837
249.622850127103
249.318229973211
249.038905766017
248.759643154181
248.455226499633
248.150881313163
247.871806799448
247.592791416921
247.288641602758
246.984560520109
246.705726036148
246.426948515718
246.123055656759
245.819229123413
245.540626172303
245.262078280145
244.958433690005
244.654853312983
244.376474433194
244.098148941243
243.794744997402
243.491403414601
243.213242063551
242.935132636464
242.631962660764
242.328853425214
242.050903876147
241.773004971171
241.470063123946
241.167180601275
240.889437851901
240.611744630167
240.309025816446
240.006365094044
239.72882478559
239.451333033508
239.148832819907
238.84638962642
238.5690479719
238.291754031502
237.98946857257
237.68723920656
237.410092927201
237.132993634407
236.830919607344
236.528900874053
236.251947142944
235.975039772837
235.67317431962
235.371363474917
235.094599867051
234.817882085357
234.516222761443
234.214617462116
233.938041910099
233.661511730176
233.360056459
233.058654718694
232.782265473465
232.505921218152
232.20466825079
231.903468400917
231.627263996917
231.351104264703
231.050052144091
230.749052799167
230.473032023443
230.197055658456
229.89620318765
229.595403214545
229.319565079341
229.04377114473
228.743117358748
228.442515849406
228.166859567849
227.891247322162
227.590791463006
227.290387710237
227.01491267476
226.739481550989
226.439223045473
226.139016521481
225.863722284677
225.58847187166
225.288410311743
224.988400649056
224.713286906692
224.438216932604
224.138352057928
223.838539032488
223.563605608418
223.288715926125
222.98904760852
222.689431124663
222.414677957447
222.139968531501
221.840496761227
221.541076838355
221.266503969373
220.991974864468
220.692699738008
220.393476498753
220.11908406166
219.844735432385
219.545657141601
219.246630801323
218.97241901268
218.69825109442
218.399369916929
218.100540774387
217.82650992535
217.552523026209
217.25383931684
216.955207745913
216.681358194849
216.407552688478
216.109066871685
215.810633314018
215.536965479954
215.263341799185
214.965054362308
214.666819320791
214.393333677591
214.119892308784
213.821803796077
213.523767829044
213.250464900249
212.977206378274
212.679317385591
212.381481101679
212.10836145592
211.835286359705
211.537597529792
211.239961583378
210.967025830306
210.69413477888
210.396646797193
210.099211884339
209.826460671016
209.553754320007
209.256467911
208.959234765864
208.686668773556
208.414147812073
208.117063735914
207.820033127554
207.547653068893
207.275318216772
206.978437266414
206.681609995969
206.409416612431
206.137268617783
205.840591616387
205.543968514564
205.271962574238
205.000002211285
204.703530009919
204.407111934776
204.135294230385
203.863522297536
203.56725577315
203.271043608129
202.999414955278
202.72783227343
202.431772327059
202.135766979247
201.864328214873
201.592935625909
201.297083181079
201.00128557967
200.730037560673
200.458835926129
200.163191927458
199.867603022392
199.588724556524
199.259697837809
198.901331262929
198.543350493896
198.215329338079
197.887614869361
197.530640849999
197.174005901434
196.847180134457
196.525615717852
196.187384631993
195.849073908308
195.538694163557
195.228236548866
194.889644742384
194.550947980192
194.240195368188
193.929346777727
193.590308679838
193.251145418918
192.939948464835
192.628639416344
192.289081417722
191.949380201385
191.637675104205
191.325843500017
190.985699775837
190.645396670382
190.333126318947
190.02071654532
189.679928113155
189.338965798708
189.026078963475
188.71304110735
188.371555000703
188.029881972449
187.716332595174
187.402621755761
187.060390297598
186.717960163594
186.40370673287
186.089282416384
185.746262580369
185.403033444072
185.08803844616
184.772864033496
184.429016882144
184.084950799257
183.769180234967
183.453222513358
183.108512703692
182.763575204201
182.446998163736
182.130226914565
181.784622262991
181.438781930435
181.121370219103
180.803757854997
180.457228954175
180.110457055144
179.792184863728
179.47370610892
179.126225990277
178.778496148016
178.459339762356
178.139971371045
177.791515207379
177.442803114131
177.122740659148
176.802461167229
176.453006010524
176.103289173897
175.782300387876
175.461089893999
175.110614444177
174.759871963422
174.437937998883
174.115777971271
173.76426237214
173.4124747407
173.089577988641
172.766451094568
172.413876753667
172.061025684838
171.737149619522
171.413039574702
171.059389004168
170.705457277074
170.380586318886
170.055477754374
169.700734430298
169.34570575373
169.019825147933
168.693703492439
168.337851730469
167.981710622458
167.654806331921
167.327657707674
166.970682552941
166.61341423415
166.285472844394
165.957283974934
165.599171104562
165.240761403863
164.911770038925
164.582528167402
164.223263804107
163.863699074872
163.533645322709
163.203338139422
162.842908974862
162.48217602069
162.151047866981
161.819663445055
161.458056571783
161.096142580539
160.763928349874
160.431455088107
160.068657939087
159.705550424259
159.372238727839
159.038665299866
158.674665594652
158.310352343151
157.975932032232
157.641247341241
157.276033038033
156.91050206368
156.574962188052
156.239155326412
155.87271457928
155.505954081281
155.169283852217
154.832344065408
154.464665186072
154.096663511913
153.758852269022
153.420768923372
153.051840347001
152.682585959213
152.343623140752
152.004385694525
151.634195949059
151.263677395409
150.923552511635
150.583150489059
150.211688167652
149.839894054336
149.498596663535
149.157019631432
148.78427336763
148.411192335121
148.068712021989
147.725949568682
147.351908014016
146.977528715232
146.633855071334
146.289896787571
145.91454859126
145.538859671796
145.193982277839
144.848817739474
144.472151530002
144.095141610146
143.74905001986
143.40266877209
143.024673140408
142.646330798748
142.299014524168
141.951406067124
141.572069551294
141.192383309707
140.84383180768
140.49498558322
140.114296654312
139.73325496416
139.383457623941
139.033363003472
138.651310052557
138.268901281953
137.917847413727
137.56649368695
137.183065013054
136.799277435042
136.44695625928
136.094332623716
135.709516422608
135.324338204152
134.970738841665
134.616834392874
134.230618746573
133.844037938239
133.489149400858
133.133953123255
132.746325990162
132.3583305164
132.002141698183
131.645642456358
131.256591661928
130.867169311872
130.509668980763
130.151855511242
129.761368739112
129.370507157811
129.01168394769
128.65254485107
128.260609634568
127.868296314596
127.508138717652
127.147662451042
126.754266165031
126.360488438398
125.99898479777
125.637159667495
125.242289520477
124.8470345508
124.484173053443
124.120987207954
123.724630234391
123.327885009262
122.963653678991
122.599095101944
122.201238154752
121.802989478274
121.437376168936
121.071432672395
120.672062415568
120.272296900998
119.905289289755
119.537948507491
119.137051408807
118.735755471288
118.367341051957
117.998590432801
117.596152756591
117.193312605928
116.823478682359
116.453305483587
116.049313283524
115.644914916975
115.273648596437
114.902039877152
114.524444946106
114.269172506766
114.034146478647
113.798238880595
113.540028792782
113.282522761028
113.125697552807
112.966739763725
112.791023928966
112.612882598619
112.447485737804
112.280140386824
112.095502377602
111.908665058035
111.735477102976
111.560521038566
111.367785619291
111.173052184591
110.992786202749
110.81091234936
110.610812667496
110.408893811776
110.222183373623
110.034007457041
109.827195040626
