0
2.79632236850902e-05
5.59264473701804e-05
8.38896710552706e-05
0.000297129075787994
0.000510368480520662
0.00072360788525333
0.000936847289986054
0.0013333333333333
0.0017298193766806
0.0021263054200279
0.00252279146337525
0.00266666666666665
0.00281054186995811
0.00295441707324962
0.00309829227654107
0.00324216747983258
0.00399999999999995
0.00475783252016743
0.00533333333333336
0.00590883414649923
0.00648433495966505
0.00666666666666665
0.0068489983736682
0.00703133008066981
0.00721366178767135
0.00739599349467296
0.00800000000000001
0.00860400650532706
0.00920801301065405
0.0093333333333333
0.00945865365601262
0.00958397397869187
0.00970929430137113
0.00983461462405039
0.0106666666666667
0.0114987187092829
0.012
0.0125012812907171
0.0130025625814342
0.0133333333333334
0.0136641040852325
0.0139948748371317
0.0143256455890308
0.0146666666666667
0.0150076877443025
0.0153487088219383
0.0156897298995742
0.016
0.0163102701004258
0.0166205402008516
0.0169308103012774
0.0172410804017032
0.0173333333333333
0.0174255862649634
0.0175178391965936
0.0176100921282236
0.0177023450598537
0.0186666666666667
0.0196309882734796
0.02
0.0203690117265204
0.0207380234530408
0.0211070351795611
0.0213333333333334
0.0215596314871055
0.0217859296408777
0.02201222779465
0.0222385259484221
0.0226666666666667
0.0230948073849112
0.0235229481031558
0.0239510888214002
0.024
0.0240489111785998
0.0240978223571995
0.0241467335357992
0.0241956447143989
0.0246847565003964
0.0251738682863938
0.0253333333333333
0.0254927983802729
0.0256522634272124
0.0258117284741519
0.0259711935210915
0.0266666666666667
0.0273621398122419
0.028
0.0286378601877581
0.0293333333333334
0.0300288064789085
0.0306666666666667
0.0313045268544248
0.032
0.0326954731455752
0.0333333333333333
0.0339711935210915
0.0346666666666666
0.0353621398122419
0.036
0.0366378601877581
0.0373333333333334
0.0380288064789086
0.0386666666666667
0.0393045268544248
0.04
0.0406954731455753
0.0413333333333333
0.0419711935210915
0.0426666666666666
0.0433621398122419
0.044
0.0446378601877581
0.0453333333333333
0.0460288064789086
0.0466666666666667
0.0473045268544248
0.048
0.0486954731455753
0.0493333333333333
0.0499711935210915
0.0506666666666666
0.0513621398122419
0.052
0.0526378601877581
0.0533333333333333
0.0540288064789086
0.0546666666666667
0.0553045268544248
0.056
0.0566954731455752
0.0573333333333333
0.0579711935210915
0.0586666666666666
0.0593621398122419
0.06
0.0606378601877581
0.0613333333333334
0.0620288064789085
0.0626666666666667
0.0633045268544248
0.064
0.0646954731455752
0.0653333333333334
0.0659711935210915
0.0666666666666667
0.0673621398122419
0.0679999999999999
0.0686378601877581
0.0693333333333334
0.0700288064789085
0.0706666666666667
0.0713045268544248
0.072
0.0726954731455752
0.0733333333333333
0.0739711935210915
0.0746666666666667
0.0753621398122419
0.076
0.0766378601877581
0.0773333333333334
0.0780288064789085
0.0786666666666667
0.0793045268544248
0.08
0.0806954731455752
0.0813333333333333
0.0819711935210915
0.0826666666666667
0.0833621398122419
0.084
0.0846378601877582
0.0853333333333334
0.0860288064789085
0.0866666666666667
0.0873045268544248
0.088
0.0886954731455752
0.0893333333333333
0.0899711935210915
0.0906666666666667
0.0913621398122419
0.092
0.0926378601877582
0.0933333333333334
0.0940288064789085
0.0946666666666667
0.0953045268544248
0.096
0.0966954731455753
0.0973333333333333
0.0979711935210915
0.0986666666666667
0.0993621398122419
0.1
0.100637860187758
0.101333333333333
0.102028806478909
0.102666666666667
0.103304526854425
0.104
0.104695473145575
0.105333333333333
0.105971193521091
0.106666666666667
0.107362139812242
0.108
0.108637860187758
0.109333333333333
0.110028806478909
0.110666666666667
0.111304526854425
0.112
0.112695473145575
0.113333333333333
0.113971193521091
0.114666666666667
0.115362139812242
0.116
0.116637860187758
0.117333333333333
0.118028806478909
0.118666666666667
0.119304526854425
0.12
0.120695473145575
0.121333333333333
0.121971193521091
0.122666666666667
0.123362139812242
0.124
0.124637860187758
0.125333333333333
0.126028806478909
0.126666666666667
0.127304526854425
0.128
0.128695473145575
0.129333333333333
0.129971193521091
0.130666666666667
0.131362139812242
0.132
0.132637860187758
0.133333333333333
0.134028806478909
0.134666666666667
0.135304526854425
0.136
0.136695473145575
0.137333333333333
0.137971193521091
0.138666666666667
0.139362139812242
0.14
0.140637860187758
0.141333333333333
0.142028806478909
0.142666666666667
0.143304526854425
0.144
0.144695473145575
0.145333333333333
0.145971193521092
0.146666666666667
0.147362139812242
0.148
0.148637860187758
0.149333333333333
0.150028806478909
0.150666666666667
0.151304526854425
0.152
0.152695473145575
0.153333333333333
0.153971193521092
0.154666666666667
0.155362139812242
0.156
0.156637860187758
0.157333333333333
0.158028806478908
0.158666666666667
0.159304526854425
0.16
0.160695473145575
0.161333333333333
0.161971193521092
0.162666666666667
0.163362139812242
0.164
0.164637860187758
0.165333333333333
0.166028806478908
0.166666666666667
0.167304526854425
0.168
0.168695473145575
0.169333333333333
0.169971193521092
0.170666666666667
0.171362139812242
0.172
0.172637860187758
0.173333333333333
0.174028806478909
0.174666666666667
0.175304526854425
0.176
0.176695473145575
0.177333333333333
0.177971193521092
0.178666666666667
0.179362139812242
0.18
0.180637860187758
0.181333333333333
0.182028806478909
0.182666666666667
0.183304526854425
0.184
0.184695473145575
0.185333333333333
0.185971193521092
0.186666666666667
0.187362139812242
0.188
0.188637860187758
0.189333333333333
0.190028806478909
0.190666666666667
0.191304526854425
0.192
0.192695473145575
0.193333333333333
0.193971193521091
0.194666666666667
0.195362139812242
0.196
0.196637860187758
0.197333333333333
0.198028806478909
0.198666666666667
0.199304526854425
0.2
0.200695473145575
0.201333333333333
0.201971193521091
0.202666666666667
0.203362139812242
0.204
0.204637860187758
0.205333333333333
0.206028806478909
0.206666666666667
0.207304526854425
0.208
0.208695473145575
0.209333333333333
0.209971193521091
0.210666666666667
0.211362139812242
0.212
0.212637860187758
0.213333333333333
0.214028806478909
0.214666666666667
0.215304526854425
0.216
0.216695473145575
0.217333333333333
0.217971193521091
0.218666666666667
0.219362139812242
0.22
0.220637860187758
0.221333333333333
0.222028806478909
0.222666666666667
0.223304526854425
0.224
0.224695473145575
0.225333333333333
0.225971193521091
0.226666666666667
0.227362139812242
0.228
0.228637860187758
0.229333333333333
0.230028806478909
0.230666666666667
0.231304526854425
0.232
0.232695473145575
0.233333333333333
0.233971193521091
0.234666666666667
0.235362139812242
0.236
0.236637860187758
0.237333333333333
0.238028806478909
0.238666666666667
0.239304526854425
0.24
0.240695473145575
0.241333333333333
0.241971193521091
0.242666666666667
0.243362139812242
0.244
0.244637860187758
0.245333333333333
0.246028806478909
0.246666666666667
0.247304526854425
0.248
0.248695473145575
0.249333333333333
0.249971193521091
0.250666666666667
0.251362139812242
0.252
0.252637860187758
0.253333333333333
0.254028806478909
0.254666666666667
0.255304526854425
0.256
0.256695473145575
0.257333333333333
0.257971193521091
0.258666666666667
0.259362139812242
0.26
0.260637860187758
0.261333333333333
0.262028806478909
0.262666666666667
0.263304526854425
0.264
0.264695473145575
0.265333333333333
0.265971193521091
0.266666666666667
0.267362139812242
0.268
0.268637860187758
0.269333333333333
0.270028806478908
0.270666666666667
0.271304526854425
0.272
0.272695473145575
0.273333333333333
0.273971193521092
0.274666666666667
0.275362139812242
0.276
0.276637860187758
0.277333333333333
0.278028806478909
0.278666666666667
0.279304526854425
0.28
0.280695473145575
0.281333333333333
0.281971193521091
0.282666666666667
0.283362139812242
0.284
0.284637860187758
0.285333333333333
0.286028806478909
0.286666666666667
0.287304526854425
0.288
0.288695473145575
0.289333333333333
0.289971193521091
0.290666666666667
0.291362139812242
0.292
0.292637860187758
0.293333333333333
0.294028806478909
0.294666666666667
0.295304526854424
0.296
0.296695473145576
0.297333333333333
0.297971193521091
0.298666666666667
0.299362139812242
0.3
0.300637860187758
0.301333333333333
0.302028806478909
0.302666666666667
0.303304526854424
0.304
0.304695473145576
0.305333333333333
0.305971193521091
0.306666666666667
0.307362139812243
0.308
0.308637860187757
0.309333333333333
0.310028806478909
0.310666666666667
0.311304526854424
0.312
0.312695473145576
0.313333333333333
0.313971193521091
0.314666666666667
0.315362139812242
0.316
0.316637860187758
0.317333333333333
0.318028806478909
0.318666666666667
0.319304526854424
0.32
0.320695473145576
0.321333333333333
0.321971193521091
0.322666666666667
0.323362139812242
0.324
0.324637860187758
0.325333333333333
0.326028806478909
0.326666666666667
0.327304526854425
0.328
0.328695473145575
0.329333333333333
0.329971193521091
0.330666666666667
0.331362139812242
0.332
0.332637860187758
0.333333333333333
0.334028806478909
0.334666666666667
0.335304526854425
0.336
0.336695473145575
0.337333333333333
0.337971193521092
0.338666666666667
0.339362139812242
0.34
0.340637860187758
0.341333333333333
0.342028806478908
0.342666666666667
0.343304526854425
0.344
0.344695473145575
0.345333333333333
0.345971193521091
0.346666666666667
0.347362139812242
0.348
0.348637860187758
0.349333333333333
0.350028806478909
0.350666666666667
0.351304526854425
0.352
0.352695473145575
0.353333333333333
0.353971193521091
0.354666666666667
0.355362139812242
0.356
0.356637860187758
0.357333333333333
0.358028806478909
0.358666666666667
0.359304526854424
0.36
0.360695473145576
0.361333333333333
0.361971193521091
0.362666666666667
0.363362139812242
0.364
0.364637860187758
0.365333333333333
0.366028806478909
0.366666666666667
0.367304526854424
0.368
0.368695473145576
0.369333333333333
0.369971193521091
0.370666666666667
0.371362139812243
0.372
0.372637860187758
0.373333333333333
0.374028806478909
0.374666666666667
0.375304526854424
0.376
0.376695473145576
0.377333333333333
0.377971193521091
0.378666666666667
0.379362139812242
0.38
0.380637860187758
0.381333333333333
0.382028806478909
0.382666666666667
0.383304526854424
0.384
0.384695473145576
0.385333333333333
0.385971193521091
0.386666666666667
0.387362139812242
0.388
0.388637860187758
0.389333333333333
0.390028806478909
0.390666666666667
0.391304526854425
0.392
0.392695473145576
0.393333333333333
0.393971193521091
0.394666666666667
0.395362139812242
0.396
0.396637860187758
0.397333333333333
0.398028806478909
0.398666666666667
0.399304526854425
0.4
0.400695473145575
0.401333333333333
0.401971193521091
0.402666666666667
0.403362139812242
0.404
0.404637860187758
0.405333333333333
0.406028806478909
0.406666666666667
0.407304526854425
0.408
0.408695473145575
0.409333333333333
0.409971193521092
0.410666666666667
0.411362139812242
0.412
0.412637860187758
0.413333333333333
0.414028806478908
0.414666666666667
0.415304526854425
0.416
0.416695473145575
0.417333333333333
0.417971193521091
0.418666666666667
0.419362139812242
0.42
0.420637860187758
0.421333333333333
0.422028806478909
0.422666666666667
0.423304526854425
0.424
0.424695473145575
0.425333333333333
0.425971193521091
0.426666666666667
0.427362139812242
0.428
0.428637860187758
0.429333333333333
0.430028806478909
0.430666666666667
0.431304526854424
0.432
0.432695473145576
0.433333333333333
0.433971193521091
0.434666666666667
0.435362139812242
0.436
0.436637860187758
0.437333333333333
0.438028806478909
0.438666666666667
0.439304526854424
0.44
0.440695473145576
0.441333333333333
0.441971193521091
0.442666666666667
0.443362139812242
0.444
0.444637860187758
0.445333333333333
0.446028806478909
0.446666666666667
0.447304526854424
0.448
0.448695473145576
0.449333333333333
0.449971193521091
0.450666666666667
0.451362139812242
0.452
0.452637860187758
0.453333333333333
0.454028806478909
0.454666666666667
0.455304526854424
0.456
0.456695473145576
0.457333333333333
0.457971193521091
0.458666666666667
0.459362139812242
0.46
0.460637860187758
0.461333333333333
0.462028806478909
0.462666666666667
0.463304526854425
0.464
0.464695473145575
0.465333333333333
0.465971193521091
0.466666666666667
0.467362139812242
0.468
0.468637860187758
0.469333333333333
0.470028806478909
0.470666666666667
0.471304526854425
0.472
0.472695473145575
0.473333333333333
0.473971193521092
0.474666666666667
0.475362139812242
0.476
0.476637860187758
0.477333333333333
0.478028806478908
0.478666666666667
0.479304526854425
0.48
0.480695473145575
0.481333333333333
0.481971193521091
0.482666666666667
0.483362139812242
0.484
0.484637860187758
0.485333333333333
0.486028806478909
0.486666666666667
0.487304526854425
0.488
0.488695473145575
0.489333333333333
0.489971193521091
0.490666666666667
0.491362139812242
0.492
0.492637860187758
0.493333333333333
0.494028806478909
0.494666666666667
0.495304526854425
0.496
0.496695473145576
0.497333333333333
0.497971193521091
0.498666666666667
0.499362139812242
0.5
0.49960452668359
0.499173333333333
0.498742139983076
0.498346666666667
0.497951193350257
0.49752
0.497088806649743
0.496693333333333
0.496297860016924
0.495866666666667
0.49543547331641
0.49504
0.49464452668359
0.494213333333333
0.493782139983076
0.493386666666667
0.492991193350257
0.49256
0.492128806649743
0.491733333333333
0.491337860016924
0.490906666666667
0.49047547331641
0.49008
0.48968452668359
0.489253333333333
0.488822139983076
0.488426666666667
0.488031193350257
0.4876
0.487168806649743
0.486773333333333
0.486377860016924
0.485946666666667
0.48551547331641
0.48512
0.48472452668359
0.484293333333333
0.483862139983077
0.483466666666667
0.483071193350257
0.48264
0.482208806649743
0.481813333333333
0.481417860016923
0.480986666666667
0.48055547331641
0.48016
0.47976452668359
0.479333333333333
0.478902139983077
0.478506666666667
0.478111193350257
0.47768
0.477248806649743
0.476853333333333
0.476457860016923
0.476026666666667
0.47559547331641
0.4752
0.47480452668359
0.474373333333333
0.473942139983076
0.473546666666667
0.473151193350257
0.47272
0.472288806649743
0.471893333333333
0.471497860016924
0.471066666666667
0.47063547331641
0.47024
0.46984452668359
0.469413333333333
0.468982139983077
0.468586666666667
0.468191193350257
0.46776
0.467328806649743
0.466933333333333
0.466537860016923
0.466106666666667
0.46567547331641
0.46528
0.46488452668359
0.464453333333333
0.464022139983077
0.463626666666667
0.463231193350257
0.4628
0.462368806649743
0.461973333333333
0.461577860016923
0.461146666666667
0.46071547331641
0.46032
0.45992452668359
0.459493333333333
0.459062139983077
0.458666666666667
0.458271193350257
0.45784
0.457408806649743
0.457013333333333
0.456617860016923
0.456186666666667
0.45575547331641
0.45536
0.45496452668359
0.454533333333333
0.454102139983077
0.453706666666667
0.453311193350256
0.45288
0.452448806649744
0.452053333333333
0.451657860016923
0.451226666666667
0.45079547331641
0.4504
0.45000452668359
0.449573333333333
0.449142139983077
0.448746666666667
0.448351193350256
0.44792
0.447488806649744
0.447093333333333
0.446697860016923
0.446266666666667
0.44583547331641
0.44544
0.44504452668359
0.444613333333333
0.444182139983077
0.443786666666667
0.443391193350257
0.44296
0.442528806649743
0.442133333333333
0.441737860016923
0.441306666666667
0.44087547331641
0.44048
0.44008452668359
0.439653333333333
0.439222139983077
0.438826666666667
0.438431193350257
0.438
0.437568806649743
0.437173333333333
0.436777860016923
0.436346666666667
0.43591547331641
0.43552
0.43512452668359
0.434693333333333
0.434262139983077
0.433866666666667
0.433471193350257
0.43304
0.432608806649743
0.432213333333333
0.431817860016923
0.431386666666667
0.43095547331641
0.43056
0.43016452668359
0.429733333333333
0.429302139983077
0.428906666666667
0.428511193350257
0.42808
0.427648806649743
0.427253333333333
0.426857860016923
0.426426666666667
0.42599547331641
0.4256
0.42520452668359
0.424773333333333
0.424342139983077
0.423946666666667
0.423551193350257
0.42312
0.422688806649743
0.422293333333333
0.421897860016923
0.421466666666667
0.42103547331641
0.42064
0.42024452668359
0.419813333333333
0.419382139983077
0.418986666666667
0.418591193350257
0.41816
0.417728806649743
0.417333333333333
0.416937860016923
0.416506666666667
0.41607547331641
0.41568
0.41528452668359
0.414853333333333
0.414422139983077
0.414026666666667
0.413631193350256
0.4132
0.412768806649744
0.412373333333333
0.411977860016923
0.411546666666667
0.41111547331641
0.41072
0.41032452668359
0.409893333333333
0.409462139983077
0.409066666666667
0.408671193350256
0.40824
0.407808806649744
0.407413333333333
0.407017860016923
0.406586666666667
0.40615547331641
0.40576
0.40536452668359
0.404933333333333
0.404502139983077
0.404106666666667
0.403711193350256
0.40328
0.402848806649744
0.402453333333333
0.402057860016923
0.401626666666667
0.40119547331641
0.4008
0.40040452668359
0.399973333333333
0.399542139983077
0.399146666666667
0.398751193350257
0.39832
0.397888806649743
0.397493333333333
0.397097860016923
0.396666666666667
0.39623547331641
0.39584
0.39544452668359
0.395013333333333
0.394582139983077
0.394186666666667
0.393791193350257
0.39336
0.392928806649743
0.392533333333333
0.392137860016923
0.391706666666667
0.39127547331641
0.39088
0.39048452668359
0.390053333333333
0.389622139983077
0.389226666666667
0.388831193350257
0.3884
0.387968806649743
0.387573333333333
0.387177860016923
0.386746666666667
0.38631547331641
0.38592
0.38552452668359
0.385093333333333
0.384662139983077
0.384266666666667
0.383871193350257
0.38344
0.383008806649743
0.382613333333333
0.382217860016923
0.381786666666667
0.38135547331641
0.38096
0.38056452668359
0.380133333333333
0.379702139983077
0.379306666666667
0.378911193350257
0.37848
0.378048806649743
0.377653333333333
0.377257860016923
0.376826666666667
0.37639547331641
0.376
0.37560452668359
0.375173333333333
0.374742139983077
0.374346666666667
0.373951193350257
0.37352
0.373088806649743
0.372693333333333
0.372297860016923
0.371866666666667
0.37143547331641
0.37104
0.37064452668359
0.370213333333333
0.369782139983077
0.369386666666667
0.368991193350256
0.36856
0.368128806649744
0.367733333333333
0.367337860016923
0.366906666666667
0.36647547331641
0.36608
0.36568452668359
0.365253333333333
0.364822139983077
0.364426666666667
0.364031193350256
0.3636
0.363168806649744
0.362773333333333
0.362377860016923
0.361946666666667
0.36151547331641
0.36112
0.36072452668359
0.360293333333333
0.359862139983077
0.359466666666667
0.359071193350257
0.35864
0.358208806649744
0.357813333333333
0.357417860016923
0.356986666666667
0.35655547331641
0.35616
0.35576452668359
0.355333333333333
0.354902139983077
0.354506666666667
0.354111193350257
0.35368
0.353248806649743
0.352853333333333
0.352457860016923
0.352026666666667
0.35159547331641
0.3512
0.35080452668359
0.350373333333333
0.349942139983077
0.349546666666667
0.349151193350257
0.34872
0.348288806649743
0.347893333333333
0.347497860016923
0.347066666666667
0.34663547331641
0.34624
0.34584452668359
0.345413333333333
0.344982139983077
0.344586666666667
0.344191193350257
0.34376
0.343328806649743
0.342933333333333
0.342537860016923
0.342106666666667
0.34167547331641
0.34128
0.34088452668359
0.340453333333333
0.340022139983077
0.339626666666667
0.339231193350257
0.3388
0.338368806649743
0.337973333333333
0.337577860016923
0.337146666666667
0.33671547331641
0.33632
0.33592452668359
0.335493333333333
0.335062139983077
0.334666666666667
0.334271193350257
0.33384
0.333408806649743
0.333013333333333
0.332617860016923
0.332186666666667
0.33175547331641
0.33136
0.33096452668359
0.330533333333333
0.330102139983077
0.329706666666667
0.329311193350256
0.32888
0.328448806649744
0.328053333333333
0.327657860016923
0.327226666666667
0.32679547331641
0.3264
0.32600452668359
0.325573333333333
0.325142139983077
0.324746666666667
0.324351193350256
0.32392
0.323488806649744
0.323093333333333
0.322697860016923
0.322266666666667
0.32183547331641
0.32144
0.32104452668359
0.320613333333333
0.320182139983077
0.319786666666667
0.319391193350256
0.31896
0.318528806649744
0.318133333333333
0.317737860016923
0.317306666666667
0.31687547331641
0.31648
0.31608452668359
0.315653333333333
0.315222139983077
0.314826666666667
0.314431193350257
0.314
0.313568806649743
0.313173333333333
0.312777860016923
0.312346666666667
0.31191547331641
0.31152
0.31112452668359
0.310693333333333
0.310262139983077
0.309866666666667
0.309471193350257
0.30904
0.308608806649743
0.308213333333333
0.307817860016923
0.307386666666667
0.30695547331641
0.30656
0.30616452668359
0.305733333333333
0.305302139983077
0.304906666666667
0.304511193350257
0.30408
0.303648806649743
0.303253333333333
0.302857860016923
0.302426666666667
0.30199547331641
0.3016
0.30120452668359
0.300773333333333
0.300342139983077
0.299946666666667
0.299551193350257
0.29912
0.298688806649743
0.298293333333333
0.297897860016923
0.297466666666667
0.29703547331641
0.29664
0.29624452668359
0.295813333333333
0.295382139983077
0.294986666666667
0.294591193350257
0.29416
0.293728806649743
0.293333333333333
0.292937860016923
0.292506666666667
0.29207547331641
0.29168
0.29128452668359
0.290853333333333
0.290422139983077
0.290026666666667
0.289631193350257
0.2892
0.288768806649743
0.288373333333333
0.287977860016923
0.287546666666667
0.28711547331641
0.28672
0.28632452668359
0.285893333333333
0.285462139983077
0.285066666666667
0.284671193350256
0.28424
0.283808806649744
0.283413333333333
0.283017860016923
0.282586666666667
0.28215547331641
0.28176
0.28136452668359
0.280933333333333
0.280502139983077
0.280106666666667
0.279711193350256
0.27928
0.278848806649744
0.278453333333333
0.278057860016923
0.277626666666667
0.27719547331641
0.2768
0.27640452668359
0.275973333333333
0.275542139983077
0.275146666666667
0.274751193350257
0.27432
0.273888806649743
0.273493333333333
0.273097860016923
0.272666666666667
0.27223547331641
0.27184
0.27144452668359
0.271013333333333
0.270582139983077
0.270186666666667
0.269791193350257
0.26936
0.268928806649743
0.268533333333333
0.268137860016923
0.267706666666667
0.26727547331641
0.26688
0.26648452668359
0.266053333333333
0.265622139983077
0.265226666666667
0.264831193350257
0.2644
0.263968806649743
0.263573333333333
0.263177860016923
0.262746666666667
0.26231547331641
0.26192
0.26152452668359
0.261093333333333
0.260662139983076
0.260266666666667
0.259871193350257
0.25944
0.259008806649743
0.258613333333333
0.258217860016924
0.257786666666667
0.25735547331641
0.25696
0.25656452668359
0.256133333333333
0.255702139983077
0.255306666666667
0.254911193350257
0.25448
0.254048806649743
0.253653333333333
0.253257860016923
0.252826666666667
0.25239547331641
0.252
0.25160452668359
0.251173333333333
0.250742139983077
0.250346666666667
0.249951193350257
0.24952
0.249088806649743
0.248693333333333
0.248297860016923
0.247866666666667
0.24743547331641
0.24704
0.24664452668359
0.246213333333333
0.245782139983077
0.245386666666667
0.244991193350257
0.24456
0.244128806649743
0.243733333333333
0.243337860016923
0.242906666666667
0.24247547331641
0.24208
0.24168452668359
0.241253333333333
0.240822139983077
0.240426666666667
0.240031193350256
0.2396
0.239168806649744
0.238773333333333
0.238377860016923
0.237946666666667
0.23751547331641
0.23712
0.23672452668359
0.236293333333333
0.235862139983077
0.235466666666667
0.235071193350257
0.23464
0.234208806649744
0.233813333333333
0.233417860016923
0.232986666666667
0.23255547331641
0.23216
0.23176452668359
0.231333333333333
0.230902139983077
0.230506666666667
0.230111193350257
0.22968
0.229248806649743
0.228853333333333
0.228457860016923
0.228026666666667
0.22759547331641
0.2272
0.22680452668359
0.226373333333333
0.225942139983077
0.225546666666667
0.225151193350257
0.22472
0.224288806649743
0.223893333333333
0.223497860016923
0.223066666666667
0.22263547331641
0.22224
0.22184452668359
0.221413333333333
0.220982139983077
0.220586666666667
0.220191193350257
0.21976
0.219328806649743
0.218933333333333
0.218537860016923
0.218106666666667
0.21767547331641
0.21728
0.21688452668359
0.216453333333333
0.216022139983077
0.215626666666667
0.215231193350257
0.2148
0.214368806649743
0.213973333333333
0.213577860016923
0.213146666666667
0.21271547331641
0.21232
0.21192452668359
0.211493333333333
0.211062139983077
0.210666666666667
0.210271193350257
0.20984
0.209408806649743
0.209013333333333
0.208617860016923
0.208186666666667
0.20775547331641
0.20736
0.20696452668359
0.206533333333333
0.206102139983077
0.205706666666667
0.205311193350257
0.20488
0.204448806649743
0.204053333333333
0.203657860016923
0.203226666666667
0.20279547331641
0.2024
0.20200452668359
0.201573333333333
0.201142139983077
0.200746666666667
0.200351193350256
0.19992
0.199488806649744
0.199093333333333
0.198697860016923
0.198266666666667
0.19783547331641
0.19744
0.19704452668359
0.196613333333333
0.196182139983077
0.195786666666667
0.195391193350256
0.19496
0.194528806649743
0.194133333333333
0.193737860016923
0.193306666666667
0.19287547331641
0.19248
0.19208452668359
0.191653333333333
0.191222139983077
0.190826666666667
0.190431193350257
0.19
